-0.01616986
0.1935572
0.1723231
0.03584021
0.03024309
-0.03941145
0.07881406
0.06707038
-0.09491808
0.003613574
0.2115756
0.01674409
-0.08798365
0.09469132
-0.07045514
-0.1078169
-0.005166311
0.0580929
-0.03173475
-0.295358
-0.1003105
0.03735539
0.01602218
-0.8272347
-0.05094501
-0.3492906
0.1498776
0.06252433
0.003776714
0.03032734
-0.07818285
-0.02820697
0.1781787
0.06226597
-0.2837563
0.09813973
-0.0118763
0.009382696
-0.03700679
0.09499931
-0.02259115
0.02267175
-0.02663806
0.1781325
0.05962551
0.02623497
0.1533193
0.02014353
-0.8138459
0.03149849
-0.1403295
0.0770061
0.09048608
0.1595684
-0.1040422
-0.04563033
-0.02677627
0.07581688
-0.1894402
0.0468158
0.01269098
-0.08524057
-0.09170595
-0.04759546
-0.0892352
-0.02227319
-0.004937524
-0.1096224
0.02334764
0.07356641
0.1092211
-0.06456267
0.06662086
0.0817544
-0.05599706
0.07861472
-0.1130707
-0.1615239
-0.1214344
0.06167964
0.004290423
-0.01438834
-0.0145078
-0.003864196
-0.06443015
0.03849853
-0.154685
0.09893541
-0.03762908
0.1241116
-0.09477353
0.1767978
0.09173278
-0.08947754
-0.06881659
-0.09984839
-0.2107241
0.0857419
0.1126076
-0.01983684
0.01546159
-0.08016009
-0.004518119
-0.1038241
0.1559533
-0.08836806
0.007714041
0.08372014
0.009992556
0.03027283
-0.1158644
0.1604873
-0.1102002
-0.0823719
0.1209443
0.07903881
-0.109965
-0.04214492
-0.02435677
-0.03374156
-0.16459
0.2112061
-0.09502351
-0.2081646
-0.1885764
0.06179856
-0.02885732
-0.1342124
0.02610382
-0.1845018
-0.01393937
-0.04468103
0.1480311
-0.09992088
-0.05044699
0.204019
-0.1322056
0.1479531
0.03940238
0.2357299
-0.02694884
-0.05834158
0.1515203
0.1002741
0.06768076
-0.2823097
-0.02552294
-0.004921993
-0.04762443
-0.05469122
-0.1335121
-0.03590329
-0.1738216
-0.03230168
0.1341118
0.01925301
-0.0975616
-0.006092112
0.1659723
-0.007401147
0.03921062
0.2051844
0.02084942
0.1440523
0.6371999
-0.04620188
-0.1256801
0.1831371
-0.1234606
0.09530732
-0.007503766
-0.05824713
0.09099274
0.1795206
-0.1365274
0.006218088
-0.07404306
-0.002318738
0.132216
-0.1435312
0.003319267
-0.0205037
-0.1237304
-0.06281079
-0.02900025
0.02058712
0.0588459
-0.1024334
0.0765074
-0.1554368
-0.004323551
0.08834996
-0.1458386
-0.04127206
0.003549472
0.01143362
-0.1379406
-0.2133346
-0.07488424
-0.004281657
0.1414073
0.1058714
-0.00861781
0.08695214
-0.1538682
-0.02614958
0.0410607
-0.05045991
0.04470158
0.1018316
-0.1411487
-0.1454587
0.03584167
-0.08825137
0.1089467
-0.2981564
0.1661799
-0.009123807
0.1316823
0.07922107
0.01943478
-0.1116034
-0.01253143
-0.0679075
-0.1658175
-0.0039696
-0.02113846
-0.09029063
-0.05096644
-0.1841022
-0.09263333
0.0882034
0.1244933
-0.1051248
-0.06650712
0.07340706
-0.05089338
-0.04272471
-0.06238301
0.01979512
0.1500599
-0.1140674
0.04968474
0.1408369
-0.06233704
-0.07416607
0.03766277
-0.1310175
0.007811992
-0.07954168
0.1766495
-0.09364218
0.07039183
-0.07558388
-0.04681693
-0.0844488
-0.109154
-0.1323351
-0.05915964
0.07483141
-0.08215252
-0.1764595
-0.03885357
-0.06692639
0.07045175
-0.08276277
-0.3349324
0.0342541
-0.1931098
0.01777526
0.1401884
0.03730663
-0.004860325
0.246346
0.05676061
0.09688403
0.2651417
-0.003449262
-0.04096267
-0.01036511
-0.05746494
-0.05133514
-0.005529739
-0.09784381
0.005870804
0.006181091
-0.03804869
0.1418062
-0.08185244
-0.04570376
0.02174945
0.06250465
0.05173766
-0.01853815
-0.006403368
-0.07043991
-0.06996975
0.05609028
0.004783437
0.05669677
-0.119616
0.09596008
0.05072521
-0.03741122
0.1420447
0.1694375
0.05167791
-0.004810441
-0.1280246
-0.04896815
0.1287695
0.09305014
0.07261407
-0.01930611
-0.05612294
0.07750486
-0.02675638
-0.1110772
-0.06004009
-0.03192017
-0.5763442
0.1697363
0.09313464
-0.1151823
0.01216726
-0.1160382
0.1004158
0.05446949
0.1602317
-0.01105704
0.001264523
0.05743624
0.05428314
-0.05304505
0.01811529
0.1160628
0.06364922
0.05952489
-0.05297222
0.04501337
0.03189239
-0.03237107
0.08971663
-0.01518715
0.02580823
0.1731495
0.1369177
-0.005803692
0.04494205
0.1077082
0.01864832
0.1569158
-0.0226757
0.07663612
-0.03121133
0.5576014
-0.09056468
-0.06511869
-0.104475
0.1593919
0.05423479
-0.2366334
0.0471108
-0.02316081
0.009368443
-0.129509
-0.08487846
-0.2290056
0.1282856
0.166378
0.04014363
-0.1509343
-0.1138366
0.03377412
-0.1472628
-0.02918773
-0.2029645
-0.05940445
-0.1054551
-0.107848
0.1281123
0.008102826
-0.0993079
-0.07570715
0.0009243516
0.1409327
0.02932751
0.02971348
-0.140253
0.01042851
0.03714197
-0.1676157
0.1784671
-0.2276985
-0.1589821
-0.02463743
-0.03537499
0.02683726
0.04541753
-0.2688247
0.08666502
0.01687397
-0.1090824
-0.03803481
-0.09480918
0.07212523
-0.01591425
-0.1787557
0.1493778
-0.5407576
0.04586641
-0.08124965
0.1055383
-0.09075951
-0.04171521
0.1128438
0.09336129
0.04456038
-0.005912985
0.01887085
0.06912696
0.08218563
-0.0976256
-0.1295101
0.08627552
-0.01281135
-0.03294139
0.1368875
-0.1473607
0.05043629
-0.1787811
-0.22722
0.1597743
-0.06919057
-0.1186541
-0.04467962
0.1344304
0.07001235
0.02029205
-0.1109757
0.2094805
-0.1148198
0.1072209
-0.03409237
-0.01311209
0.1646826
0.1556158
-0.1327262
-0.04302426
0.08136272
0.003479672
-0.03984776
-0.02920635
0.05782112
-0.1475176
-0.02198203
0.06358655
0.03039691
0.08502694
0.04661701
0.04213579
0.0899959
0.1287071
-0.0873764
-0.08304808
-0.0135317
0.0192809
-0.09052553
-0.03157949
-0.1149628
-0.1875281
0.0821461
-0.07179644
-0.1145733
0.1187365
-0.129481
0.1073127
-0.1092088
-0.1562971
-0.2436381
-0.1532121
0.009882224
-0.2009778
0.05825373
0.08848443
0.01634312
-0.08603704
0.09745554
-0.06186602
-0.05274821
-0.1757419
-0.04969956
-0.03217145
-0.167867
0.1331285
-0.09523009
-0.106768
0.01115769
0.03465861
-0.1366467
-0.03942079
0.03163953
-0.0849045
0.1006436
-0.2275491
-0.08217
0.04904314
0.0927513
0.006999775
-0.05616712
0.1269496
-0.163101
0.05114465
-0.06926131
0.03058877
-0.1734648
0.1637196
0.04625087
-0.1689294
-0.1279536
0.1880028
0.05974647
-0.1963146
0.008404963
-0.1692687
-0.1840544
0.006557467
0.001237324
-0.1360283
0.01611396
0.04474522
-0.145485
0.03625802
-0.02747531
0.1142588
-0.03645218
0.06579949
-0.1236139
0.0817144
0.1326244
0.1297131
-0.0389267
0.08075633
0.0767874
-0.01051953
0.06430036
-0.2529782
0.02434525
-0.1596225
0.007583265
0.1590035
0.05274712
-0.06999642
-0.04433092
-0.1233179
-0.2363159
0.08583366
0.1507659
0.002751822
-0.09917916
0.6764171
-0.01306559
-0.06955222
-0.03501023
-0.01890172
0.04877632
0.1113334
-0.2225075
0.1931
0.2552516
-0.1159945
-0.07085801
0.07927127
-0.00775829
0.1295207
0.04986774
-0.1311384
0.04427288
-0.1210134
-0.01337012
-0.01707397
-0.09063726
0.1387616
0.0007661038
0.04323196
0.2069727
-0.02991717
0.01203264
-0.02473858
0.1032127
0.03915154
-0.04884628
0.09499334
-0.1088838
0.01944488
-0.1907991
0.06959404
0.005947284
-0.00303208
-0.1279446
-0.02468972
0.1659156
0.09513928
0.0836329
0.06893789
0.068012
-0.157569
-0.1732749
-0.05255383
0.1429044
0.05755678
-0.07448802
0.01792109
0.02395954
-0.03815874
0.05654365
-0.01424415
0.04496099
0.06180997
-0.03787828
-0.03463574
-0.7572908
0.04023661
0.03348888
0.006844641
-0.06119436
0.05432302
-0.1106325
-0.03605614
-0.03426522
0.2227117
-0.141386
0.124992
-0.5785158
-0.00569313
0.05824822
-0.04493756
-0.04379546
0.020491
0.0042636
-0.01392716
0.1413752
0.07252902
0.09872082
-0.01947727
-0.07715253
0.1458821
0.04093128
-0.06917487
0.003746574
-0.06193239
0.01452051
0.108444
-0.04780564
0.0117106
0.04722567
-0.05575294
-0.1691285
-0.02079654
-0.08516448
0.09335107
-0.007424169
-0.01618076
-0.1579292
-0.1045546
0.0469422
-0.01897766
-0.07017562
-0.1482116
0.2119578
0.1135382
-0.08629268
-0.06120634
0.0208381
-0.007047991
0.1230273
0.005272787
0.006726994
-0.2960872
-0.01311561
-0.164279
-0.0459291
-0.07999348
0.04501199
-0.02436097
-0.03864024
-0.05435666
-0.01049708
-0.1608625
0.1000861
-0.01095828
0.07583992
0.2158866
-0.09102725
0.1129814
0.1367496
0.08687147
0.04553551
0.1724934
-0.0459397
-0.07001094
0.02347574
0.02750427
0.1180017
0.110709
0.01732659
-0.0274206
0.1599261
-0.2009432
-0.07177109
0.04198595
-0.119741
0.03243157
-0.07200252
-0.05037894
-0.07441242
0.09863796
-0.009949058
-0.04391683
0.07443484
0.2444763
0.004333859
0.01587222
0.1685726
0.0193289
-0.08828182
-0.01332783
0.04044073
0.0609211
-0.1061653
0.1696409
0.1410223
0.05197829
-0.05709666
-0.01983848
-0.2593127
-0.1197001
-0.1275881
-0.06699913
0.1669832
-0.02415288
0.0445831
-0.05366867
0.06280842
0.08942025
0.1233174
0.05208627
0.1990056
-0.09524803
0.06255519
0.07332473
-0.05819649
0.09833951
0.04284927
0.04499265
0.1196945
-0.007540116
0.06451899
-0.0236807
0.01465212
0.289755
-0.08836264
0.06551514
0.2850919
-0.02322214
0.1713567
-0.1174456
0.04496773
-0.1048883
-0.1481499
-0.08600949
-0.1046773
-0.04412227
-0.08786941
-0.001230406
0.06848502
-0.09231599
0.009213103
-0.2035076
0.01416899
0.04161284
-0.1067637
0.05454235
0.2361409
0.01234265
-0.02852651
0.2692738
0.0771484
0.04308877
0.1607881
0.1650372
-0.1354097
0.06970772
-0.05100662
-0.04587903
-0.07763842
-0.2407559
0.08113625
-0.08646136
0.1300186
0.05941369
-0.1996892
-0.09247947
0.1363546
-0.05250761
-0.2188498
0.3197166
0.05765588
-0.02754995
0.2323594
0.1989531
0.04803336
-0.1602547
-0.03953565
0.03127759
-0.09159437
-0.09591866
-0.07690746
-0.2683505
0.153172
0.09216069
-0.1187295
-0.0203531
-0.1059116
0.06613011
-0.03329064
0.1264496
0.09903546
-0.1928178
-0.0598284
-0.1289007
-0.01099674
0.0294869
-0.1400769
0.0818769
0.08376529
0.1101297
-0.1305436
-0.05572749
0.09006214
0.04199467
-0.07445571
-0.003423808
0.08877858
-0.1391524
0.02491349
-0.1664315
-0.1355402
0.1025397
-0.139147
-0.1719858
-0.08854231
-0.1508749
0.01335038
-0.06604183
0.06061158
0.02184623
-0.08169916
-0.04989459
0.004750521
-0.07578242
-0.08664769
0.1481191
-0.03604593
0.1113754
0.01817592
0.05253548
-0.09810605
-0.0001995591
-0.01192823
-0.1425225
-0.04871118
-0.02668668
0.02331894
-0.0405856
0.07061075
0.06393573
-0.2044178
-0.1150163
-0.1517083
-0.0369165
0.1839604
0.03330746
-0.1265078
0.04382787
-0.03427663
0.01391211
0.01250637
-0.1532547
0.1266611
0.093436
-0.0425153
-0.1484392
-0.1600966
0.09265014
0.08999499
-0.06682399
0.04778831
-0.6483909
0.1673892
0.0523136
0.1932536
0.0250014
0.07476525
0.100108
-0.007813849
0.2119135
0.0726264
0.1255804
0.03300996
0.1291995
-0.0002671157
0.07754254
0.05668176
0.1234527
0.04648984
0.01790229
-0.05393908
-0.09577456
-0.1202093
0.08612306
-0.1339344
0.06244846
-0.05929467
0.1023763
0.08605302
-0.0663122
-0.04354844
-0.09346627
-0.1914276
0.099889
0.02948948
0.1442109
0.01410367
0.2266482
-0.06597938
-0.03205003
-0.1096012
0.1295048
0.008004119
0.1514879
-0.02675735
0.1192664
0.1592171
-0.09963816
-0.1013929
0.03916626
-0.01945287
0.03056057
0.01937611
-0.03449
-0.1197448
-0.09615152
-0.1550929
-0.001958026
0.05942609
0.1172127
-0.06902834
0.06987593
-0.1379739
-0.05431228
0.03829393
-0.1482718
0.05543206
-0.04248286
-0.07453508
-0.0874051
0.0004636383
0.03507135
0.04876632
-0.1050909
-0.06420477
-0.06404788
0.06275764
0.06258872
0.2128189
0.07263239
-0.06252388
-0.07423893
0.1662553
-0.01547896
0.1221634
0.06262407
0.1006358
-0.03485696
-0.1151348
0.04488782
0.08449163
0.0430944
0.1666383
0.006616729
-0.1118262
0.04852477
-0.02020241
0.1035667
-0.05714
-0.07656604
-0.1547452
-0.1291301
-0.1171313
-0.2340479
0.06974024
0.07636742
-0.09859419
-0.01513333
0.04975486
0.08403604
0.04106871
0.04351467
0.01964699
-0.103333
0.01801292
0.100005
-0.06883636
0.1020051
0.05169259
0.01842345
-0.0006872984
0.1735772
0.008242767
-0.07040327
0.04139831
-0.05821019
-0.07538835
-0.1903373
0.03082421
-0.04051808
0.07189201
-0.07561388
-0.0008273946
-0.01693029
0.03165558
-0.05299526
0.1010218
0.001178481
0.1971097
0.2608759
0.07111494
-0.0933696
-0.005067493
-0.04526308
0.1483337
0.1382043
-0.0512487
-0.004381388
-0.109104
0.0853451
0.056323
0.1256291
-0.110396
0.03666637
-0.051607
0.09142843
0.1307789
-0.08389634
0.04025674
-0.1090599
0.05483995
-0.1377343
0.2178992
0.2264042
0.08924816
-0.005644884
0.06623414
-0.07863475
-0.1574422
0.03108741
-0.2518291
-0.08778725
-0.02596975
0.1225714
0.09380003
0.07660546
-0.07485081
0.1238896
-0.01696323
0.160332
-0.1385054
-0.03541832
-0.0001632021
0.05960805
-0.04804395
0.04662252
-0.2066581
-0.04480246
-0.03716888
0.02146636
-0.06465704
-0.1178652
0.01819376
0.01866193
-0.1265316
-0.1209753
-0.02560619
-0.003637329
0.0988561
0.04220934
0.8613874
0.02147232
0.1352227
-0.1494254
-0.09649461
-0.09608349
-0.1768034
0.02866743
-0.1994878
0.08886064
0.007420595
0.04443968
0.0155193
0.1499038
0.03291623
0.04791787
-0.1827809
0.08584098
-0.02673676
-0.2015487
0.01890816
0.02349169
0.06815426
0.06102514
0.05601157
0.1985917
0.1619047
0.01868942
-0.01414368
-0.07468027
0.09657412
-0.08790284
-0.009803202
0.1019345
-0.01216521
0.04564492
0.1741749
0.2061114
0.1378662
0.1791927
-0.08557869
-0.02336077
0.2301381
0.08571417
0.09072792
0.1253812
0.07238438
0.1678971
-0.06774689
-0.03816825
-0.04841238
-0.05412595
-0.0199618
0.1646931
-0.7811001
0.04493031
0.1834468
-0.1788062
0.09024974
-0.1008859
0.1432515
0.08016789
0.03721755
-0.01037864
-0.1832869
-0.08846008
-0.08393611
0.1260438
-0.02246338
-0.01745652
-0.07119984
-0.002332069
0.5043456
0.0932839
0.07282379
0.1390336
-0.02003862
0.08334316
-0.1209094
-0.6188778
0.03227809
0.1110548
0.1022367
-0.1111288
0.04752867
0.1912456
-0.05456492
0.07565414
0.01432234
-0.008750731
0.07216035
0.09794773
-0.04943428
0.02428346
0.07500223
-0.1244037
0.1458202
-0.09211209
0.1938695
0.00867718
-0.05772648
0.1460351
0.0106569
0.1700074
-0.0412815
-0.05215617
-0.021789
-0.1394531
0.04415816
-0.01814876
-0.1680047
0.05351661
0.01373618
0.01826066
-0.01131933
-0.02323661
-0.07338231
0.08100548
0.07644029
0.1062917
-0.1050795
-0.0994984
0.08066005
0.09976578
-0.04610483
-0.08920214
0.0311166
-0.1231792
0.05025931
0.1684135
-0.2053853
-0.06294173
0.07107958
0.1498547
-0.02229225
0.007796715
0.03338529
0.1267259
0.08759274
-0.03065977
-0.03968688
0.02701803
-0.081708
-0.1917899
-0.05175954
0.0269575
0.0150112
-0.01069665
-0.1541558
0.01171639
0.02661815
0.2029844
-0.2410035
-0.1020434
0.7263135
-0.1248321
0.1811659
0.12627
0.0419379
-0.06833763
0.01822305
0.008801836
0.0721259
-0.05137479
-0.01451436
0.03902357
0.05870409
-0.02863719
-0.04959434
0.09241996
-0.007202386
-0.1055995
-0.1390912
0.09090711
0.03230114
0.03416884
0.1220941
0.1336775
0.07002122
-0.1811648
-0.04131413
-0.1779408
0.1146526
-0.06853402
-0.2398492
-0.02247779
-0.04703124
0.08689342
-0.0414759
0.1976477
0.0460253
-0.1133249
-0.1784115
-0.03932334
-0.07665398
-0.03800481
0.03696684
-0.06247601
-0.1484233
0.1619381
0.1738407
0.2400472
0.07786898
-0.03139165
0.001404361
-0.1114417
0.09106967
-0.171339
-0.130551
0.1507239
0.3133248
0.01137706
0.1857904
-0.1006754
0.09635666
-0.02960411
-0.1570503
-0.03000488
-0.02097135
-0.1135752
0.02436093
0.009820333
0.1521948
0.1129567
0.05224026
0.07219885
-0.1186532
0.2117013
-0.1362718
0.6779642
-0.1571536
-0.04888412
0.2181226
0.05080179
-0.03480576
0.0757766
-0.06420316
0.05967275
-0.01572626
-0.1238714
0.1478998
-0.01168651
-0.02132693
-0.1259517
0.1547862
-0.1060049
0.04177179
0.09792845
0.16252
0.1092664
0.1181383
0.03510384
-0.02293479
-0.1079871
0.01639079
0.05510154
-0.1030558
0.08179688
-0.04793019
0.03824333
0.0005771755
-0.03509114
-0.1736724
0.004655239
-0.1121485
-0.07815601
0.08499042
0.1763791
0.08456416
-0.05448364
0.02552683
0.02993725
0.03206433
-0.003931745
-0.1144893
0.0560505
-0.05933375
-0.1180515
0.03076268
-0.0145087
-0.0421328
-0.1176677
-0.04735565
0.09356162
0.09127259
-0.075059
-0.1067609
-0.139382
0.01024005
0.1193254
-0.1152602
0.1448074
0.1147506
0.03170422
0.005931153
0.1083632
-0.05524282
-0.05008878
-0.01834515
-0.02359337
0.01834518
0.0972897
0.01093289
-0.1670299
0.0851406
0.1893908
-0.2493136
0.1438513
0.05006965
0.06921838
-0.0566944
0.0944947
0.08186924
0.001541248
0.1054929
0.0702285
-0.006637585
0.1407734
0.05617664
-0.02035292
-0.1510867
0.05964895
-0.1278926
-0.1163182
-0.08343859
-0.2020874
-0.003377007
-0.09011833
-0.1184255
-0.04484172
0.05586291
0.009308217
0.05961144
-0.06840966
0.03627077
0.1534152
-0.1054193
-0.003324191
0.09454901
0.02392584
0.1559877
0.1346588
-0.05929094
0.05419137
-0.09276171
-0.0416424
0.1007493
-0.004659317
0.04070632
0.08349421
-0.1083633
-0.05833965
0.07796486
-0.01145883
-0.06028829
-0.007173863
-0.1962338
-0.1081126
0.01511724
-0.1752126
-0.0008797396
0.01770578
-0.1393123
0.07871667
-0.08371236
0.0168652
-0.1370266
-0.01258793
0.1117461
0.07036718
-0.07685162
0.08551992
0.2165224
-0.01425554
0.1208135
0.06519232
-0.02362877
0.1317811
-0.2395244
-0.01137466
0.1278114
0.07286017
0.07262655
0.1591013
0.01049371
0.05045244
0.07507106
-0.08288155
0.07095488
0.09499154
-0.05788562
-0.1234602
-0.021877
0.004090913
-0.06417665
-0.09615095
0.06748266
-0.09160778
0.02853239
0.0357701
0.1114078
-0.001130312
-0.2020795
0.06179052
-0.011282
0.1595115
0.05438938
-0.1656857
0.01020999
-0.1054246
-0.2054017
0.0827422
-0.1941544
0.1628972
-0.03619278
-0.06270708
-0.0913173
-0.1665463
0.04168112
-0.1711356
0.03201749
-0.1038427
0.05223646
0.074514
0.02334734
-0.2053818
-0.1488432
0.2125311
0.1626202
-0.001924389
0.09386591
-0.1198031
0.06471764
-0.0795558
-0.08716208
0.006668353
0.0648037
-0.05691104
-0.05975765
0.1026813
0.1680177
0.0056694
-0.1279846
-0.01257569
0.06131504
-0.1241282
-0.0705653
0.119656
0.1969152
-0.130363
-0.04779634
0.0140972
0.03474267
-0.004984875
-0.07118186
0.08872048
0.06110957
0.002601845
-0.6733488
-0.07998909
-0.002090338
0.05530697
-0.1224651
0.01170077
-0.1130853
0.1190335
-0.06523475
-0.0811895
-0.08477425
0.05113539
-0.03037483
-0.05793133
-0.1453632
0.1399628
0.06448058
0.03436979
-0.04328101
-0.2037123
-0.05164068
0.02931731
-0.07845515
-0.1146055
0.1275046
-0.1635557
-0.100252
-0.1013016
-0.08706026
0.08441608
-0.1664414
-0.01999701
-0.03983818
0.132477
0.08387162
-0.06028256
0.0927604
-0.1058704
-0.1360919
0.09499475
0.01196286
-0.1810824
0.0489634
-0.04795728
-0.03854446
0.1244062
-0.04452918
-0.02810726
-0.0612033
0.03304939
0.04922192
0.07062847
-0.0007809783
-0.04660851
-0.2422915
0.1022577
0.1001812
0.06265303
-0.04497981
0.08815051
0.1114142
0.02303972
-0.004467728
-0.1918583
0.1520303
0.02543689
0.03951251
0.1004446
-0.01141443
-0.7837732
-0.02546475
-0.1021474
0.06524716
-0.02388745
-0.01252682
-0.03239085
0.1105512
-0.1245461
-0.01742564
-0.152764
-0.002735207
-0.0009851183
0.0366166
0.001815575
0.06553714
-0.001175042
0.01008822
0.1376055
0.08414272
0.1472439
0.07186881
-0.05020874
0.008290699
-0.1684602
0.02086523
-0.01279456
0.1017202
0.05369958
0.1119147
0.2320508
-0.08425131
-0.01040274
-0.005775361
-0.05828567
0.1748291
-0.09401871
-0.02005711
0.03456289
0.01759807
-0.009494899
-0.02410731
0.002080137
-0.05571007
-0.04883727
0.09002856
0.1487011
-0.09673849
-0.007211688
0.07197043
0.03142939
0.150546
-0.05790914
-0.04354863
0.04971603
-0.03682324
0.2003271
-0.0507068
0.03564128
0.09466954
-0.1040129
0.1113013
-0.1407475
-0.09114656
0.2151006
0.107023
-0.08843119
-0.1997855
-0.2594185
0.1951452
0.1329496
-0.07915043
-0.1358463
0.2002071
0.08868638
-0.0689042
-0.01547431
0.1544556
0.09811103
-0.1127426
0.03083824
0.1040525
0.07943909
0.08748762
-0.05782766
0.05861352
0.1958863
-0.1659462
-0.1252673
0.14928
0.1886823
0.1493377
0.1054603
0.03595088
0.000605165
0.1230425
-0.1446661
0.1679268
-0.01608644
0.1444228
-0.03184879
0.1886482
-0.003609453
-0.04266443
0.06841569
-0.05658231
0.01674586
0.1586007
-0.1673958
-0.08531878
0.01665207
0.1880374
0.08391308
-0.06905434
0.02998523
0.03943866
-0.01028108
0.007971023
-0.1019445
0.03710179
-0.09931536
0.09937795
-0.1194074
0.1014328
0.1300027
0.1191797
0.2673912
-0.1913872
-0.07689562
-0.1847407
0.003362084
-0.1257472
0.03013336
-0.002706626
-0.2161896
0.04505986
0.1305377
-0.06293366
-0.1492677
0.1196405
0.02253936
0.1497103
-0.06174635
-0.07856233
0.1112931
0.1520928
-0.1227892
0.06233505
0.05356141
0.0297354
0.01988189
-0.05602685
-0.04950157
-0.1357726
0.3124759
0.1302149
0.02689009
0.1085968
-0.052401
0.0563991
-0.01858899
0.03830305
0.0207553
-0.05707731
0.0813682
0.08843774
-0.06481344
-0.04984586
0.04708629
-0.1155356
0.01490541
-0.05735258
-0.08797959
-0.07821686
-0.1549645
-0.06632901
-0.02679528
0.08296014
-0.1037719
0.1538104
0.06100958
-0.07506723
0.2355177
-0.1409034
0.1230199
-0.1293475
0.06395261
0.01111915
-0.05907638
-0.09060168
0.0252026
0.001181675
0.05641357
0.05857716
0.1394011
0.1544604
-0.1064717
0.1580543
-0.01002794
0.04670205
0.03074058
0.01006018
-0.0479658
-0.03961629
0.1528468
0.2633362
0.1042713
0.09794197
-0.01152209
-0.1167744
0.009230989
0.01036196
0.01468306
-0.001293753
0.1402601
0.1591727
0.1002381
-0.07354728
0.01288884
0.147519
0.06509482
-0.06911752
-0.03023894
-0.1011053
0.08815572
-0.05429447
0.1009385
0.1378511
0.0943505
-0.04021021
-0.1082013
-0.0783878
0.01039564
-0.03453833
0.1124438
0.001486953
-0.2156641
0.0881984
0.8822935
-0.05042145
0.0366571
-0.025146
-0.1144377
-0.04988331
-0.01551619
-0.03886059
0.02981108
-0.1373316
0.09968213
-0.09208703
-0.01964977
0.04658673
0.08124265
-0.1542549
-0.09256018
-0.02147948
-0.1319897
0.02065893
-0.0231107
0.2039116
-0.1558122
-0.02628497
-0.1264747
-0.08686558
0.148967
-0.1441625
0.1300484
-0.03829687
