0.100514
-0.1366364
-0.08482087
-0.2285257
-0.1457602
-0.01588863
-0.09162735
0.09472772
-0.09877847
-0.03480081
0.02380518
-0.003623317
0.1412774
0.8569226
-0.09677639
-0.2110964
-0.04770618
0.1224705
0.03348024
0.09518134
0.1634975
0.06535629
0.01959251
0.0472239
0.0682369
0.1453823
-0.01605861
0.04594347
-0.1978598
-0.03928032
0.1524321
-0.08931719
0.1059883
0.08241675
0.02968316
0.09695166
0.02718762
-0.1085729
-0.1785461
-0.06606927
0.02370931
-0.02825037
0.01258557
0.1441826
-0.08115365
-0.08811341
-0.09146802
-0.0596371
-0.1930468
0.02632425
-0.1013462
0.04068829
-0.143091
-0.1219981
-0.1040654
-0.1810284
-0.1671491
0.09280447
-0.03626456
-0.04345493
-0.02998595
0.09477568
0.07708691
-0.1021389
0.1528532
0.06215176
-0.0583624
0.07290756
0.08429433
-0.000383975
-0.1099075
-0.1984044
0.1062283
0.1066301
0.001399273
-0.03930404
0.06112254
0.08365331
0.07109059
-0.01231304
0.02576186
0.08510065
-0.02873376
0.1310225
0.008806707
0.1120799
0.0666383
-0.03391726
0.004040284
-0.1862165
0.2022645
-0.05803279
-0.08418895
0.03911563
-0.1002211
-0.01309578
0.1109952
0.1344505
-0.03865738
-0.06520997
-0.06676666
-0.1077538
0.03225216
-0.1118822
0.0624775
-0.1113059
-0.1495971
-0.1199891
-0.08384544
0.09915422
0.06255483
0.1805641
-0.09038428
-0.05138038
0.07439195
0.01215751
0.01251106
0.08383765
-0.128213
0.03040651
-0.04954656
0.210141
0.07660521
-0.08134625
-0.1627269
0.8837836
-0.01072793
-0.02796677
-0.1346463
0.01194121
0.1033538
0.01096929
0.2415722
-0.04488163
0.1480003
0.1553075
0.01839264
0.1148266
-0.1360741
-0.1600197
-0.2092214
0.1462408
-0.1499195
-0.06259496
-0.08934978
0.07598837
0.1419129
0.06719988
-0.03448218
0.0720772
-0.05222222
-0.03953681
-0.09869909
-0.02517236
-0.0007035437
-0.06661927
0.06465747
0.1797488
0.1179509
0.07694503
0.05322303
-0.08228317
0.1254828
0.07613249
-0.05297352
-0.03140679
0.1805377
0.04690193
-0.0573817
0.04709212
-0.02076471
-0.02997182
0.02677144
-0.06774878
-0.0996825
0.03729402
-0.03344843
-0.1069636
-0.1347935
0.02576853
0.01356471
-0.03499359
0.09605221
-0.09404499
-0.04144994
-0.006981871
0.1224188
0.00808684
0.08182927
-0.006139758
-0.2045556
0.0401038
0.06703354
-0.02856174
0.008112036
0.07296057
-0.006697858
-0.04671139
0.04476315
0.04573975
-0.01947615
-0.08683212
0.09098656
-0.01463086
-0.04771394
0.09363735
-0.090701
-0.0004958194
0.1969843
-0.009160796
