-0.7856656
-0.7094554
0.6938965
-0.7773787
-0.9387963
-0.5615378
-0.7133721
0.5050565
0.695161
-0.5684281
-0.637653
-0.8442093
-0.6945635
-0.7803535
-0.8284708
-0.5979448
0.6952135
0.6161108
-0.8028091
-0.6363856
0.869599
0.6033318
0.7196401
0.6283729
-0.7408841
-0.6200266
0.6769033
0.6379293
-0.6588961
-0.6268439
-0.7503875
-0.7175637
0.904269
-0.7769658
0.5926838
0.7576068
-0.6515727
0.648616
-0.8061593
-0.8344006
-0.5709738
-0.6643096
0.6656701
-0.6689418
-0.7823461
0.6692124
0.6070468
-0.9342288
0.6038168
-0.5973456
0.5557304
-0.5884942
0.7005211
0.8139284
0.7520569
-0.9325636
0.6960466
0.5494043
-0.8961963
0.5405594
0.809312
-0.813914
0.5890817
-0.6823833
0.6897933
-0.6785023
-0.7694477
0.5774991
0.71592
0.7864244
-0.5154666
0.822915
0.7827657
0.7798232
-0.6261192
0.6575289
0.6165959
0.7639772
-0.5129376
0.7707835
-0.6329711
0.707992
0.5739987
0.6456802
0.7255757
-0.5827364
0.8562291
0.563114
0.6281229
0.6164219
-0.5846926
0.8231248
-0.6118728
-0.7098552
-0.839568
-0.5817408
0.8146866
-0.8264347
0.740758
-0.6600842
-0.6587665
0.8199859
0.5131725
0.6141614
-0.5046936
-0.7347511
-0.6867161
-0.6686494
-0.5821722
0.9070834
0.6465126
-0.6877361
-0.7007082
-0.8119555
-0.6860063
0.7131876
-0.7581593
0.7461934
0.7430463
-0.6043675
0.6169701
-0.6202184
0.7852208
0.5863664
0.769758
-1.000146
-0.641351
-0.5294714
0.6516441
0.6903691
-0.904927
-0.6541061
-0.6329101
0.567465
0.9073315
0.7001134
-0.7987269
-0.5696262
-0.6302235
-0.780019
-0.6799132
-0.6576217
0.7176338
0.8491184
0.7155014
0.6599586
-0.808954
-0.7237638
0.6765304
-0.6661629
0.7847585
0.719592
-0.7624981
0.7640759
-0.9399761
0.8515846
-0.6469327
0.8254872
-0.61962
0.7087895
-0.760968
-0.5363926
0.8287048
0.626694
-0.7897213
-0.6891641
-0.735354
-0.7417588
-0.6227634
0.5869521
-0.5948949
-0.8566657
0.8722132
-0.6113754
-0.6304478
-0.8386361
0.7172806
0.555145
0.6826869
0.7713271
0.6021444
0.5202661
-0.7673291
0.6294174
0.7130241
0.8037731
0.794019
-0.7589842
-0.8235287
-0.6638508
0.7472246
-0.758106
-0.7558473
-0.6697928
-0.4850436
0.7567981
0.7346246
0.7695817
-0.7322952
-0.8722538
0.7783284
0.7159297
0.5409995
0.8014581
0.5973401
0.7405656
0.6465695
-0.8751554
-0.5646435
-0.9011189
0.570755
-0.7384759
-0.4243782
0.7730745
0.7277213
-0.6821281
0.6690931
0.7377955
-0.865056
-0.7357811
0.6732257
-0.5862753
-0.6884197
0.6670503
0.6619247
0.6931284
0.4523533
-0.7691549
0.6366826
0.7840419
0.7836999
0.4812275
-0.6142722
-0.7697278
0.7903329
-0.8168936
-0.5875017
-0.7906036
-0.7052306
-0.7796304
-0.9176134
-0.8061947
0.7267938
0.587243
-0.5865274
-0.6875265
0.7149761
0.5920573
0.7410041
0.8648133
0.7440281
-0.8129205
-0.7511596
0.8354501
-0.7175335
0.9272379
0.6008611
0.6074901
-0.7795798
-0.5950501
0.8239755
-0.9973622
0.8586129
0.4984334
0.6775402
-0.8041281
0.7508061
-0.5660474
0.5993595
0.7989211
0.6680838
0.7683584
-0.5479667
0.8393339
0.7410895
0.6244998
0.6879351
0.6518797
-0.6556016
-0.554132
0.6397432
-0.7928381
-0.6903047
-0.6739234
0.5608881
-0.7011532
-0.8224359
0.6016011
-0.7305264
-0.6407753
0.5962322
-0.6664627
-0.5828392
-0.6332476
0.6140047
-0.6572044
-0.7755887
-0.5955015
-0.785893
-0.5451754
-0.6256412
-0.6743088
-0.6839905
-0.6446965
0.6668136
0.5853832
-0.6489723
0.5840468
0.7874586
0.5344027
0.740424
0.5997923
-0.6196988
0.5880142
0.7549699
-0.4328003
-0.8997198
0.6311734
0.7992392
-0.7743234
0.7609963
-0.6826942
0.6796104
-0.8078026
-0.7845645
-0.8461711
-0.5458199
-0.76026
-0.8037553
0.6849332
-0.4751505
0.7411727
0.5148696
-0.7782433
0.7386706
0.8689046
0.769222
-0.7534784
-0.5929154
-0.6675158
-0.5644751
-0.7242693
0.9223812
-0.8974498
0.5652124
-0.9351069
-0.8459357
-0.7452969
0.8124961
0.5971997
0.7612824
-0.938167
-0.5081801
0.5598009
0.9308344
-0.7261842
0.7289202
-0.8616542
-0.5428666
-0.5874171
0.7628224
-0.7457711
0.6907998
0.799196
-0.7208428
0.6504651
-0.7964427
0.6874581
0.5895909
-0.520284
0.6615759
-0.7200486
0.5757518
-0.752409
0.7393401
-0.7695076
0.7488671
-0.5537079
-0.6292727
0.6032358
-0.872058
0.6055387
-0.7556485
-0.7045338
0.6423551
0.6276679
0.5525211
0.5986505
0.8061017
-0.6728774
-0.6442717
-0.7150059
0.8282483
-0.571517
0.7862751
-0.6543879
0.7315428
0.6350245
-0.6757784
-0.7798167
0.9365351
-0.7767784
-0.6946331
0.6967902
-0.6618126
-0.5924435
-0.7124315
-0.7809873
-0.7463611
0.6529923
-0.6873683
-0.722404
0.7063075
-0.7296661
-0.5610496
-0.7212766
-0.6041153
0.8582741
-0.8365859
-0.8637115
-0.4416662
-0.8758513
-0.6253139
0.4894366
0.4055607
-0.8209357
0.7908086
0.6829428
-0.6385904
0.7980564
-0.7891185
-0.5238097
0.7019889
0.6608785
-0.6741922
0.8327173
-0.7726317
0.5848559
-0.699636
0.581934
-0.7289114
-0.6584552
-0.7135975
0.6766313
0.6752148
0.5330779
0.6982709
0.606275
0.5996969
0.9619611
-0.7091023
0.6904493
0.6037491
0.725606
0.637208
0.5544549
-0.7269954
0.7629835
-0.7730798
0.5436581
0.6253069
-0.611532
0.6218997
-0.6271133
0.737847
0.7868046
0.7395742
0.7919716
-0.7641044
-0.6871597
0.7102833
-0.7159747
-0.5870116
-0.6433136
0.7437655
0.7931752
-0.6971185
-0.7972244
0.7203006
-0.6494802
0.512853
-0.6147761
0.7389385
0.5911539
-0.736086
0.7411862
-0.7702404
0.6975091
0.4822562
-0.7190511
-0.5680612
0.5859664
0.852619
-0.7540991
0.6492273
-0.7341844
-0.7305493
-0.7353039
0.6594355
-0.7297087
0.7297529
-0.795845
0.5857044
0.4824679
0.6261519
0.5599074
0.3182576
0.7524934
-0.8280063
0.6932223
-0.625736
-0.7888345
-0.7155217
-0.7259348
-0.808397
-0.7446232
0.6284379
0.6662344
-0.6650591
-0.5921121
-0.8294292
-0.7576264
0.8097626
-0.5569173
0.821658
0.6240677
0.69302
-0.7082115
0.8196214
-0.630725
-0.7423562
0.6670581
0.7072595
-0.6899895
0.6647197
0.6171337
0.5385237
0.6848703
0.7319396
0.767407
0.6767766
0.6578564
-0.7881218
-0.8612673
0.8410773
0.7753274
0.7881881
0.7995591
0.5061248
0.5498165
0.8525127
-0.7312344
-0.8477385
0.7357982
-0.7550626
0.7193463
0.760584
0.6710093
-0.7258102
-0.5477499
0.5748747
0.697857
-0.4896476
0.6902377
0.7408458
-0.6605824
-0.8494153
0.6203584
-0.8787888
0.6349934
-0.7882938
-0.8086119
-0.7878773
0.816948
0.7291426
-0.7094419
0.6126042
0.675834
0.6060002
-0.7398165
-0.6176772
-0.6288744
0.5259954
-0.7669276
0.7477142
0.649509
0.7586539
-0.653762
-0.5560342
-0.6286469
-0.590171
-0.5407238
0.657093
-0.7760291
-0.8888893
0.8052506
-0.7480866
-0.7405003
-0.7415924
0.7498731
-0.620741
-0.5539249
-0.6890121
-0.7275733
0.8100308
0.7821798
-0.8272849
0.4962509
0.6476916
0.8105905
0.8040238
0.5072743
-0.8095093
-0.6814744
0.6480682
-0.5792091
0.730999
0.6274616
0.6603385
-0.6376911
0.7280135
0.7630108
-0.8400268
0.8137423
0.6182533
-0.7382824
-0.5790342
0.5641521
0.9415084
-0.7209201
0.8300965
-0.6521326
-0.5781544
0.6810531
-0.7227198
-0.6590062
0.7425599
0.8121663
0.7149135
0.7257428
0.7756398
0.750104
-0.8095472
0.6341151
-0.6735543
-0.5589883
-0.5912334
-0.7545564
-0.6252673
0.6173351
-0.7992322
-0.5604146
0.7700248
0.6852055
0.7046231
0.5319475
-0.7723244
-0.6964808
0.8077663
0.6894617
0.7323589
0.6666726
0.5919387
0.8211073
0.6686515
-0.6735542
-0.8235465
-0.6306214
-0.804437
0.6269337
0.8599359
0.7061097
-0.6359918
0.7885898
0.662473
0.6483494
-0.6967747
-0.8342038
0.6924061
0.6557571
-0.5792805
0.7099249
0.6689745
-0.63697
-0.6359285
0.5801191
-0.7452427
-0.9133371
-0.7830361
0.7847938
0.6718943
1.041717
-0.7932419
-0.7141394
0.668273
-0.592366
-0.8163359
-0.8256691
0.7357831
0.5457961
0.6201174
0.5939394
0.7590306
0.6653197
0.7956968
-0.6867903
-0.804673
0.746966
0.6068743
-0.6263641
0.7949362
0.5978926
-0.6082721
0.6297826
0.7703156
0.6930399
0.7970284
-0.8170693
-0.6537414
-0.6627297
-0.6651636
0.6468461
0.7817729
-0.7173463
0.5657541
-0.6560781
-0.7220699
0.8504275
-0.4377819
-0.6839798
-0.6583186
-0.6552318
0.7002012
0.6815378
-0.8079068
-0.5569178
0.798764
-0.6416201
0.5955497
-0.6185807
-0.5415673
0.7659803
-0.8989135
-0.6494624
0.5990724
0.6752831
-0.7830175
0.6569725
0.8922559
-0.6544836
0.7242581
0.7091547
0.8084685
-0.5213443
0.7989665
0.8264876
-0.7710599
-0.7378491
0.7529413
-0.5336194
-0.5469467
0.6645408
-0.8550355
0.6484325
-0.6974105
0.5563454
0.5979072
-0.6364695
-0.5940833
-0.9351991
0.596394
0.7360739
0.7283804
-0.7745089
-0.7701345
0.6680653
0.5923273
0.6847439
-0.7640429
0.7008759
-0.7105328
-0.78102
-0.8354924
0.6906282
-0.8250759
-0.6020796
-0.7286389
0.7507143
-0.6783198
-0.5853658
-0.9335497
0.6710969
0.528021
0.6142406
0.6942632
-0.516563
-0.6513805
0.7464664
-0.7025145
-0.5879868
0.7884835
-0.6739239
-0.7514141
-0.5693638
-0.5962234
-0.6281731
-0.755436
-0.6808253
-0.64984
-0.803525
0.5800435
0.8225801
-0.7469411
-0.6735312
0.3805088
0.6904434
-0.7610694
-0.6325553
-0.6139176
0.9050181
-0.6237349
0.7926393
-0.6350449
-0.5716108
-0.7250332
-0.6360558
-0.7505635
0.745517
-0.7468359
-0.6971555
-0.7998701
-0.7577968
0.7954141
0.6854051
-0.7362467
0.6381659
-0.8828603
-0.853894
-0.6080607
-0.6980999
0.8008939
0.6271659
-0.7007063
-0.7996119
0.8119445
-0.6718991
0.712993
-0.6576744
-0.7308923
0.5882419
-0.6391755
0.8385334
-0.5731471
-0.6734429
0.6724194
-0.671677
-0.6742969
0.8150592
0.7437052
-0.6664238
0.8370445
-0.7353398
0.6255
-0.6192727
-0.5893822
0.6631978
-0.8328535
-0.7662856
0.6510831
0.7209189
-0.6472463
0.7160687
-0.6605114
0.5621132
-0.535569
0.4876456
-0.8511033
-0.8744285
0.7812379
-0.7038721
0.7575906
-0.714469
0.5575248
0.661585
0.5854349
0.7526436
-0.8055828
0.7249335
-0.6561307
0.7634519
0.6361309
0.7893748
-0.8226506
0.7159579
-0.7536122
0.6263976
0.7228856
0.6799875
0.7445111
0.5962742
-0.492368
0.7753643
-0.7634356
0.7299142
-0.7636936
-0.7157482
-0.7047078
-0.6365961
0.6255985
0.582289
-0.607723
0.713897
0.701181
-0.8779153
0.7925367
-0.7719261
-0.6952282
-0.8353668
0.5301718
0.5839063
0.6471765
-0.6113538
0.7061456
0.5880974
0.7669851
-0.5875073
0.7173126
0.5852014
-0.650068
-0.7429725
