0.5521737
0.6182916
-0.7115471
-0.6326369
-0.8106543
-0.6754978
0.7118453
0.7539659
-0.7414428
-0.8642953
-0.6308958
0.7393695
0.7501041
-0.6999154
0.6295264
-0.5305571
-0.6657252
0.6455576
-0.73926
0.5517161
0.5550379
0.6688125
-0.6572212
-0.6376732
0.6969171
-0.4971405
-0.8065292
0.6002973
-0.6111947
-0.7149687
0.5803284
-0.6100491
-0.8587759
-0.5588457
-0.7807202
0.7002301
-0.6500076
-0.913987
-0.5007697
0.7109652
0.6921372
-0.6977947
-0.7486474
-0.8666937
0.6891374
-0.6852316
-0.6349425
0.9949187
0.6351525
-0.8593111
-0.7010982
0.7378376
-0.6372065
-0.7591451
0.6071657
-0.6187966
-0.7919523
-0.6769312
-0.6200644
-0.6028992
0.8440021
0.7460744
0.6641671
-0.804033
-0.6750207
-0.6923404
-0.6786419
0.9001445
0.5938671
0.6060542
-0.7542398
0.5933104
-0.5793741
-0.8677996
-0.685601
-0.6305414
0.6719741
0.6894805
-0.77374
-0.6790784
-0.7294366
-0.5739187
0.5866667
-0.6777096
0.6564304
0.665111
-0.7426087
-0.801222
0.7346641
0.7634998
-0.6920926
-0.8484032
-0.6823123
0.7241024
-0.6398055
0.5738506
0.5373311
-0.6788539
0.6014011
0.5998361
0.5957734
0.526073
0.6506766
0.6362377
0.6140606
-0.7168229
0.7131387
0.7451729
-0.5636215
0.7573497
-0.6969863
-0.6451198
0.6110475
-0.7535526
-0.6158797
0.5455684
-0.6796874
0.7585389
-0.74929
0.7725219
0.7676747
0.6626608
0.861978
-0.6672872
-0.5317876
0.6905992
-0.6832116
0.8049995
0.7322114
-0.6204033
0.7030986
0.7505462
-0.6395455
0.6256834
-0.480267
0.8095007
-0.8538603
-0.5274179
-0.6742912
-0.6711426
-0.6780251
0.6631826
0.7507472
-0.8153059
0.6708089
0.8407641
0.6857092
0.8059525
-0.6180392
0.4717779
-0.6166931
-0.5944692
-0.6856632
-0.7551409
0.6322133
-0.7963512
-0.5220938
-0.6969402
-0.6653707
0.5737049
-0.7750016
-0.5591771
-0.8365638
-0.8503279
-0.6405971
0.8269573
-0.7838553
-0.6293285
-0.7069151
-0.7908797
-0.6974278
-0.8007799
-0.7390298
-0.6125193
0.6576864
-0.7809395
0.7523826
-0.5983653
0.5802244
-0.7590845
-0.6338902
0.5727738
0.6155002
-0.6879272
0.5957717
0.6727833
0.5621704
0.6218275
-0.6039611
-0.8211079
-0.6856164
0.6644957
-0.7884631
0.7864742
0.682459
-0.7313835
-0.7435432
-0.6461504
-0.6402608
-0.6697474
-0.6335996
-0.6963139
0.8678117
0.7313582
0.6515742
-0.629503
0.772925
-0.6910908
-0.6969607
0.7903446
0.5817273
0.6884564
-0.4518958
0.9734714
-0.618073
-0.5564779
-0.8337771
-0.6774984
0.65487
-0.8115129
0.8219458
0.6828175
0.5817059
0.7031596
0.8159225
-0.6874486
-0.6567292
-0.6010811
-0.6787226
0.6199836
-0.5724765
-0.5713172
-0.5341207
-0.6915385
-0.7697899
0.685986
-0.6078802
0.7343191
-0.7001281
-0.6716739
-0.7966968
-0.7874763
0.7334527
0.8410047
-0.7099542
0.5587705
0.6026021
0.5149513
-0.6390888
0.7785859
0.7458553
0.5531084
0.7924073
0.6699699
0.7994947
-0.8562961
-0.7301768
-0.7745786
0.4735076
0.7307771
0.6115816
0.7269877
0.9025863
-0.6633995
0.7045004
0.5915436
0.6577531
0.7827959
-0.7215286
-0.7935005
-0.8174158
-0.867706
0.6008715
0.5968019
-0.6893413
0.5623084
0.6890227
-0.8663671
0.6447987
0.687222
0.7621157
-0.6293203
0.6248714
-0.7214786
0.6326709
-0.7368273
-0.8283811
-0.7055465
-0.6841862
0.6890168
-0.5940793
-0.6710659
0.7685056
-0.764799
-0.7323916
0.6389736
-0.7480314
-0.6775981
0.5034346
-0.7259261
0.6910208
-0.5543468
0.777881
-0.667539
0.7055786
0.6494406
-0.795737
-0.8401471
0.5445607
-0.7149752
0.8215082
-0.8947812
0.8202675
-0.6314443
0.8214397
-0.742682
-0.6157992
0.8556833
-0.7462117
-0.7975175
0.7546
-0.9078818
-0.9571692
-0.8915797
-0.5709911
-0.7672823
0.5629077
0.7285763
-0.5860295
-0.6593002
-0.4970954
-0.7015888
-0.8702047
-0.7186836
-0.6788651
0.8303255
0.8126311
0.4598307
0.7386986
-0.8404197
-0.6308052
0.5183553
0.8388654
0.7757406
0.6416222
-0.8284345
-0.5186218
-0.7594572
-0.6687254
-0.6676769
-0.3967968
-0.6503196
0.5465605
-0.7005087
0.7352308
-0.7429725
-0.6745776
-0.4415748
-0.5719137
-0.6288501
0.6679735
-0.7951757
-0.7491161
-0.7159991
-0.5508659
-0.805429
-0.623288
0.5147588
0.600882
-0.7999961
0.7497162
-0.7000745
0.6917118
0.8306517
-0.9591987
0.6165774
-0.6100026
-0.7525838
0.785152
-0.6386134
0.8377387
-0.7360872
0.7093482
0.3760924
0.7305177
-0.7735769
0.7854494
0.5118511
0.8416248
0.7441269
-0.8128209
0.6893131
-0.5304441
-0.582484
0.8229227
0.6400984
-0.6345045
0.5463165
-0.7793686
-0.8241903
-0.8090361
-0.7631118
-0.6921809
-0.8960012
-0.7000943
0.7808886
-0.7899449
0.8045179
-0.7176116
0.8565316
-0.7721305
-0.8393624
0.6496591
-0.8893521
0.6923628
-0.8791398
0.5155098
-0.5875615
-0.6990455
-0.6544767
0.7832598
0.8357234
-0.752698
0.5905575
0.8155933
-0.6517244
0.6594308
0.7399241
-0.8434534
-0.6850429
0.7268019
0.6510673
0.6204397
0.7617575
0.7917581
0.7356018
0.549453
0.6117602
0.7281224
0.7919414
-0.7590383
0.6913489
0.6587462
-0.7761821
-0.5856367
-0.4450005
-0.6592783
0.5575598
0.5508614
-0.7862529
-0.7605262
0.7190797
-0.8116255
0.7096666
-0.7838061
-0.6948915
0.886689
-0.6875829
0.6819649
0.6567255
-0.7994655
-0.8651939
0.7529495
-0.6063864
-0.7248742
0.5727389
0.6363164
-0.791263
-0.7030523
0.682944
0.6984499
0.607688
0.5972689
-0.76163
0.4649901
-0.5999062
0.5954704
0.6057402
-0.7775244
0.5922898
0.7279069
0.8257153
0.7273771
0.7870828
-0.7322267
0.7141798
0.6236675
0.8260013
0.7117868
0.4848754
-0.7513795
-0.5015777
-0.5101517
0.8587507
-0.7834511
-0.641317
-0.5449733
-0.6388541
0.5177231
0.5964125
0.6320322
0.8066939
0.762917
-0.8060615
-0.6674052
0.5421829
-0.6622212
-0.7522043
0.7910228
-0.7840222
0.5138621
-0.6129689
0.578134
0.743512
0.5983324
-0.7057415
0.6344555
0.6974607
0.7994092
-0.6947494
0.753655
0.6748017
-0.9086889
-0.7911745
-0.696307
0.804671
0.7712323
0.5964678
-0.6018316
-0.7499263
0.6121296
-0.6144469
0.6866108
0.5270516
-0.6820489
0.6505056
-0.4489151
-0.8819729
0.7503725
0.6332281
-0.8778117
0.6204735
0.5879712
-0.7863303
0.6044483
0.5882372
-0.8137278
0.8559053
0.6576363
-0.6267746
-0.8628518
0.6658112
0.5515935
0.7076817
0.5161256
-0.6917064
0.6790085
0.8616849
-0.9331737
0.5892558
-0.6157408
0.7607791
0.7957583
0.783666
0.6450547
-0.9026548
0.6970122
-0.7678328
0.6391591
-0.6927862
0.6488317
-0.8635035
-0.8070058
0.6690716
-0.7156516
0.5573503
0.8073444
-0.5560771
-0.6739708
-0.794136
0.6548893
0.7069929
0.7404276
-0.6041201
-0.8278771
0.5811762
-0.8248645
-0.8045698
0.6709883
-0.6379511
0.8607146
-0.7704361
0.8172956
-0.7015248
-0.7152657
-0.7170074
0.6572094
-0.6755446
0.5742781
-0.7018405
0.6448928
-0.4796793
-0.7372695
0.7692222
-0.6385036
0.6324977
0.7066693
0.6243679
-0.7460473
0.6047387
0.6593333
0.5829242
-0.610993
0.7658915
-0.834105
-0.5177664
0.7403336
-0.7253442
0.7739128
0.5361309
-0.7925503
0.6713253
0.7406415
-0.4812774
0.7490242
0.712258
0.5203646
0.7032416
-0.867789
0.7569855
0.6619766
-0.7164567
0.756772
0.7744628
0.6023433
0.610934
-0.8001071
-0.875846
-0.6013819
-0.6468285
-0.7074158
0.6164132
-0.6084618
0.7377084
-0.6391248
-0.7335562
0.557956
-0.847971
-0.6051559
0.7334884
-0.691706
0.603612
-0.6763801
0.6265956
0.7245993
0.6938984
0.6730386
-0.7606222
0.8569173
-0.7549404
0.6327458
0.8088064
0.606807
0.6737021
0.6742615
-0.6565745
0.8580402
0.6388784
0.675484
0.4871966
-0.7559693
0.5401823
-0.6214783
-0.6084343
-0.7272898
0.6074175
0.7537414
0.6524905
-0.5013113
0.6205895
-0.6934473
-0.8988862
-0.6141789
-0.7597471
-0.7285053
-0.6374959
0.6046118
-0.7375278
-0.63669
0.6927311
-0.4351859
-0.6751039
-0.8123834
-0.7091262
-0.7113798
0.7480795
0.3525894
0.8138377
-0.5571085
0.7136848
0.5608368
-0.7956552
-0.6573348
-0.6448231
-0.6702151
-0.5612024
0.5907776
0.7821046
0.822235
-0.6075153
-0.5245879
0.8073396
-0.646541
0.6471871
0.7357387
0.64496
0.6753933
0.8761695
-0.8092776
0.6807787
-0.764901
-0.7722171
-0.7442241
0.6676888
-0.6596242
0.7223685
-0.5772258
-0.736722
-0.6629137
-0.664817
0.8085913
-0.7265727
-0.6454425
0.621655
0.6593746
-0.6610383
-0.6705695
-0.5951423
0.8228007
-0.6537841
-0.7734493
0.6847732
-0.714745
-0.6343591
-0.761651
-0.8379425
-0.6647809
0.7359407
-0.5853234
0.7159406
-0.8017283
-0.7982189
0.7433387
-0.9228228
-0.8641973
0.7204434
0.6460117
-0.6729197
-0.8239309
0.8059599
-0.6033337
0.7574062
-0.6208792
0.6467367
-0.6473939
-0.8854556
0.5615799
0.6087091
-0.6741903
0.6871109
0.7448091
0.6558078
-0.7337701
0.7355235
0.7958119
0.7269594
-0.66679
-0.8017645
-0.5408268
-0.7961521
0.8935645
0.4989024
0.5272477
-0.5195403
0.7451129
-0.658877
0.8783368
0.7479492
0.6540121
-0.6661037
0.9870188
-0.6925062
0.7122088
-0.5968863
0.6260596
0.7212122
-0.7366069
0.9684565
-0.6869055
0.7786076
0.8654378
-0.5904534
-0.7620722
-0.9813008
-0.684557
-0.7431685
0.5260578
0.5940048
0.6471231
0.6513209
-0.8113543
0.7379124
-0.740236
0.5879187
0.7747385
-0.6602025
0.7773403
0.7479654
0.7232289
0.6053758
-0.7331377
-0.4576543
-0.6997563
0.7873652
-0.8454103
-0.6679744
-0.7080299
-0.6204316
-0.7013551
-0.8203038
-0.5825641
-0.5860308
-0.5303327
0.6197215
0.7657754
0.5534674
-0.7826264
-0.6911827
-0.7604175
0.6765396
0.6641707
-0.7291963
0.6842659
0.6826831
0.788113
-0.7433998
0.5971491
0.8336246
-0.5512578
-0.6355776
0.8539455
0.6703368
0.6411101
-0.6775403
0.8118579
0.6571575
-0.6397222
-0.73045
0.5465992
0.7988442
0.6381487
0.5828551
0.4693241
0.7557529
0.8328151
0.7711016
-0.6183859
-0.4815799
-0.5476673
0.6953992
0.5506554
-0.5517108
-0.7641084
-0.5563316
-0.6484348
0.6308725
0.553938
-0.6429211
-0.5583597
0.6974429
0.6250173
0.7431408
-0.6985165
-0.9465277
-0.6806126
-0.842121
-0.5811643
0.6510126
0.5973072
-0.7427276
0.9397479
-0.7225754
0.7137961
-0.5527788
-0.878044
0.7268813
-0.7030939
-0.737573
0.7567764
0.6063379
-0.5049148
0.857794
-0.4382832
0.590087
0.6359295
0.6951902
0.7071358
0.7037947
0.6273294
0.7634057
-0.5355093
0.6434956
-0.5583266
-0.7924498
0.6337708
0.5959621
-0.7855128
0.6835031
-0.6039489
-0.6727506
0.7590354
0.7433239
-0.6080488
0.6073092
-0.6862151
0.6612048
-0.7979452
0.6968576
0.6602889
0.6033683
-0.6629866
-0.9152708
0.7546497
0.6066834
0.6363215
0.6840837
-0.7986299
-0.6854251
-0.6749856
0.9098807
-0.5684084
0.6579928
-0.6666432
-0.8367792
-0.6481159
-0.8488881
-0.5658036
0.572096
-0.8122874
-0.8038607
0.5646287
-0.5699083
0.6464962
0.6223872
0.653012
-0.6422509
-0.7136362
-0.5728377
-0.719399
-0.5737081
0.5308445
-0.7469246
-0.8006814
0.588044
-0.585474
-0.7035215
-0.6938194
-0.4868953
-0.734174
0.5806001
-0.5779231
0.7009498
-0.724311
-0.6350324
0.7446768
0.8910523
0.5948676
-0.6599138
-0.6698709
-0.8533049
0.7135851
-0.5705721
0.5537208
0.5768935
0.6529668
-0.5440142
0.7630751
0.694605
0.7834107
-0.8211315
0.6537648
-0.6271127
0.7706594
-0.5869031
-0.6850485
-0.8926654
0.7176785
0.6444193
0.7461651
0.5843421
0.6007978
0.6297483
-0.5103611
0.6491193
0.6747528
-0.8212086
-0.6943896
-0.7461781
0.6754304
0.622189
-0.7122606
0.8088069
0.7051183
0.782808
-0.6636899
0.9159798
0.7090914
-0.7291007
0.6927595
0.572883
-0.5958717
-0.6229679
0.5934532
-0.5779353
0.7076816
-0.6771782
-0.7912059
0.7004672
0.6434935
-0.7539674
-0.5793633
-0.7268572
-0.6229557
0.5744631
-0.7891415
0.7520776
-0.6344383
0.6371198
0.6641675
-0.653569
0.6853431
-0.5591707
0.6485842
0.7070052
0.7815367
0.7614509
0.9430326
0.7874072
0.7208753
0.8500603
-0.7647198
-0.6337595
0.7325882
-0.8146664
0.7869846
0.5962243
-0.7556451
-0.5882721
-0.7251716
-0.769379
0.7677967
-0.7474488
0.8851494
-0.7661078
0.6166751
-0.8019333
-0.806395
0.4942369
-0.8853986
-0.6367751
-0.6046102
0.926473
0.766423
0.7288449
0.4949363
0.8229131
0.8679124
-0.7593185
0.7350797
0.5677085
-0.7434237
-0.7181407
0.6294331
-0.7157795
-0.7586528
0.7426911
0.5657502
-0.798277
-0.6837837
-0.7652575
0.8357557
0.6295949
-0.7484116
-0.5738927
-0.7780225
-0.761205
-0.6429519
0.8879783
0.596728
0.7006235
0.7194011
0.7620393
0.9553482
-0.5679683
-0.6772742
0.8335388
0.7505331
-0.7349116
-0.7080001
0.6073791
-0.8945109
-0.6874112
0.6189507
-0.7085817
-0.5644567
0.5576081
-0.5789396
-0.5214096
-0.7709094
-0.5917659
-0.8557942
-0.5678765
-0.6511597
-0.6789982
0.6625257
-0.5945307
0.7350822
-0.5886794
0.8651519
-0.5811796
0.6854513
0.6432528
0.6089322
-0.6984281
0.6256337
0.6494498
-0.7249323
0.6654778
-0.6810279
-0.9156272
-0.5855466
-0.7362228
-0.7472291
-0.8951874
-0.69025
-0.6047622
0.6717346
0.6754646
-0.6243037
-0.6366608
-0.8696125
0.9568545
-0.6539144
0.7427733
-0.6879585
-0.7242329
0.727418
-0.7053942
-0.7494747
-0.6058255
0.7259844
-0.524215
0.6642378
0.4294738
0.7896822
0.8185323
0.7787461
0.7965314
-0.6780169
-0.8187037
-0.6625842
0.6223933
-0.6637485
0.7003053
0.6812414
-0.6838109
0.7122191
-0.6859366
0.5456591
0.600439
0.6318126
-0.8215274
-0.6674507
-0.7007851
0.722199
-0.6912069
0.5946914
-0.7174126
-0.8365476
-0.6565136
-0.7891204
-0.7717497
-0.7784579
-0.7563454
-0.7096316
-0.7187586
-0.7561644
0.5249242
-0.6852584
0.5834228
-0.5472614
-0.8533876
-0.7122838
-0.6829742
0.6131183
0.6756837
-0.7514929
-0.6153089
-0.5675229
0.8073854
0.6372641
-0.7816582
0.5594671
0.6874714
-0.7078643
-0.7468953
-0.8452468
-0.5905599
-0.560615
-0.5398396
-0.6316682
-0.8786848
-0.6218208
0.6675202
0.6350472
0.8734234
0.7432863
-0.7391007
0.67073
-0.567349
0.6376227
0.639312
0.7612548
0.7052492
0.7648075
-0.6841491
0.8173493
0.6546127
-0.6008526
-0.7154228
-0.8074032
-0.8336385
-0.9223202
0.7511877
-0.5741367
0.7170021
-0.7678272
0.7117999
0.8563127
0.9939582
0.7701201
0.540738
-0.7144032
-0.5715125
-0.8750414
-0.7931869
0.6097583
0.7088142
-0.7680009
0.7430457
-0.7047638
-0.6640714
-0.6692203
-0.7631123
-0.5437244
0.6095984
0.7081788
0.7302646
-0.7408477
-0.6575289
0.5984112
0.8018289
-0.7985196
0.6381284
-0.7775157
0.6655057
-0.5533215
0.5504328
0.7160572
0.6832012
-0.5475362
-0.5269369
-0.7487177
-0.8095833
0.7045994
0.8928122
-0.6127756
-0.6995353
-0.5933102
0.6416954
-0.6555208
-0.7919416
-0.6916603
-0.5777396
0.7629086
-0.6633198
-0.6927296
-0.7045578
-0.5200368
0.6819733
0.7423821
-0.6549976
-0.9618006
0.8441601
0.8143428
-0.6150825
0.643137
0.7217683
0.6754298
0.7342449
0.6967543
0.6956224
0.6779693
0.5585934
-0.6810338
0.629928
-0.7452803
0.8491422
0.6877555
0.7069189
0.6255821
0.6933957
0.5787814
-0.6586293
-0.6883476
0.6436437
-0.672975
0.7233689
0.7325295
-0.642972
-0.7472409
0.726378
-0.6349617
0.7754044
-0.816163
-0.9236437
-0.7188363
-0.7333587
0.7658542
0.5773377
-0.6178357
-0.8269532
0.537287
0.8108786
-0.8013502
-0.8867457
-0.7252252
0.8014526
0.7933232
0.5413877
-0.9074811
-0.6586973
0.5653191
-0.773845
-0.5596897
-0.7108839
-0.5715238
0.8399245
-0.6798594
0.6644
0.7028262
0.8161085
-0.8346789
-0.7937841
-0.702209
-0.741127
-0.7080956
0.6833717
0.7804741
-0.6349966
-0.6682575
-0.7339459
0.5966265
0.5005245
-0.6497675
0.7726982
-0.792384
0.6180015
0.5370789
0.7461508
0.6389523
0.5835128
0.5836884
-0.7684363
0.721821
-0.7672891
0.7410719
-0.6072027
-0.786274
-0.8059885
0.6737886
0.717291
-0.7687903
0.6784997
0.6269248
-0.6825776
-0.665538
0.6151939
0.6206117
-0.6747865
-0.5881417
0.6538209
-0.7482155
0.8252258
0.6102195
0.6252369
0.6903257
0.7545447
-0.6835627
0.6621377
0.6734849
-0.7412477
0.7439111
-0.8600459
-0.5857247
-0.6446853
-0.6799952
0.7561225
0.7736219
-0.8046058
-0.7046983
-0.9388978
0.7802022
0.673211
-0.7018313
-0.6454086
0.8547884
-0.7554259
0.6355059
-0.5698625
0.6821884
0.5128396
0.8193005
-0.7222983
-0.632532
0.7351262
-0.7544644
0.847205
-0.7608308
0.7409545
-0.7630452
0.7000616
-0.6784321
0.6569596
0.6267462
0.7654708
-0.6400718
-0.641951
-0.7678417
-0.7438445
-0.7852789
-0.6710014
0.7728127
-0.5018614
0.794508
-0.8096808
-0.8410998
-0.5736908
1.021677
0.715678
-0.7611231
-0.782228
-0.7425862
0.5693277
-0.6858929
-0.8107316
-0.8182789
0.6182367
-0.7515149
0.7960516
-0.5197994
0.5117225
-0.7384675
0.6677229
-0.6689483
0.5779509
0.7538594
-0.6868897
-0.5030744
-0.788309
-0.6796131
-0.7179988
0.6588035
-0.7664245
0.8516921
-0.7482745
0.6163615
0.8680508
0.6460149
-0.7796534
-0.6345839
-0.6622939
-0.6281871
0.5595348
-0.7461736
0.6767923
0.6985424
-0.6254166
0.8442691
0.5989545
-0.598625
0.7942093
-0.767586
0.7623462
0.6076516
0.5026692
-0.526711
-0.7992505
0.6227372
-0.6176802
0.7644118
-0.7569429
0.6541397
0.6790644
0.7806283
-0.6550037
-0.6419871
0.7344171
-0.5922134
-0.7143365
0.7719842
0.7083686
0.9888556
0.6898904
-0.7028029
-0.602585
-0.5437311
-0.6654534
0.9296442
0.5988237
-0.7397899
0.6396346
0.6826271
0.7742004
-0.6771559
-0.7028592
0.6324055
-0.6712589
-0.6667488
0.508523
0.9999429
0.7475355
0.9694058
0.6645784
-0.5482666
0.7857678
0.8041862
0.7507546
-0.8490262
0.8564872
-0.7976991
-0.6948706
0.5283387
-0.6836645
-0.5965543
0.5635992
-0.7559794
-0.7468321
0.6169762
0.7440638
0.6454857
-0.6960056
-0.8290611
-0.7604497
0.8301841
-0.6218542
-0.9630827
-0.784621
-0.7675514
-0.54425
-0.6439757
-0.7568109
0.7624293
-0.4722377
-0.7594033
-0.6718471
0.8340426
0.6752157
0.8284609
0.6984909
-0.6316218
-0.5877635
0.7644834
0.5970159
-0.7168753
-0.711506
0.7273213
0.6674364
-0.8106207
-0.876073
-0.5975204
0.5617959
0.6665732
0.6313931
0.6737547
-0.7326018
0.593776
-0.6437017
0.8229458
0.8602782
0.5979309
-0.6079048
0.7825703
-0.7457939
0.7224429
0.6193242
-0.6308243
0.7829633
-0.5767596
0.7263037
0.6626699
-0.6701826
0.7091126
0.7603051
0.7460403
0.7049297
0.5293427
-0.6179557
0.6560051
0.786652
0.6480546
-0.852661
-0.7486569
0.6002252
-0.6127269
-0.6875041
0.6509829
-0.8952952
-0.6284911
-0.8058904
0.8372795
-0.6806481
-0.7471951
-0.6039395
0.7181885
0.6007728
-0.7167243
-0.6257923
0.6133651
-0.4832556
0.7392075
0.7065258
0.766888
0.561034
-0.6984106
-0.5712088
-0.6309569
-0.6945709
0.8671894
0.6584949
-0.7118259
0.5388877
-0.6674599
0.6691815
0.7798457
0.6665708
0.8067503
-0.7323171
-0.7642311
0.7833533
-0.7131339
-0.7378143
0.5780229
0.6984696
-0.708746
0.6273361
0.8261586
0.6232204
0.618557
-0.6134627
-0.7392561
0.7227318
0.7689552
0.5868403
0.8788847
-0.4495313
0.5324693
0.7702297
-0.8214759
-0.7345834
0.6631357
-0.6931958
-0.5221023
-0.5544745
-0.7602705
-0.7124279
-0.7314039
-0.822577
0.6724655
-0.807482
-0.6092963
-0.6603456
-0.5989522
0.7147947
-0.7332207
-0.6840218
-0.7215517
-0.8033696
0.5665905
0.4147835
0.5120003
-0.6797178
-0.6429013
-0.7695981
-0.8356098
-0.6072664
0.7213804
-0.7034672
0.5986964
0.6143943
0.6765651
-0.7131517
0.7524924
-0.6806383
-0.5010071
-0.7746989
0.8063464
0.6468818
0.6080445
0.7928753
0.697716
0.7234174
-0.6926571
-0.7519214
-0.7356817
0.5590364
0.7120887
-0.6073649
-0.6363214
0.7309847
-0.6091219
0.6014247
-0.6411297
0.650999
0.6004003
-0.628863
0.9105983
-0.8551783
-0.6799065
0.7119279
-0.7312237
-0.6693403
0.7880351
-0.6611295
0.7213517
-0.5468818
0.7941999
-0.8788223
-0.5964461
0.8825937
-0.700124
0.6215164
0.7658364
0.6597562
-0.7300583
0.5474692
0.6122805
-0.8424742
0.5709051
-0.5535762
-0.6988403
-0.7605963
0.7341779
0.4905435
0.7396909
0.6441872
-0.4930778
-0.6704254
0.8241046
0.7947022
-0.5584647
-0.7755567
0.6894917
0.7201392
0.7688441
-0.6564105
-0.7429677
0.6969324
-0.786492
-0.6590008
-0.653687
-0.783607
-0.6978422
-0.5086582
-0.483362
-0.7424368
-0.8627398
-0.6703539
0.7318547
0.6792869
-0.6885432
0.5959859
-0.6508907
0.8341562
0.6797087
0.602158
0.6049177
-0.8035693
0.5404582
0.7687617
-0.624637
-0.7357869
-0.6692133
0.8225354
-0.7422924
0.7379976
-0.7273595
-0.7732884
-0.7073241
0.6906537
0.6661836
-0.6976195
-0.6932253
-0.6140783
0.8669964
0.6594876
-0.7010586
0.7539296
0.7845811
0.7302144
-0.6095252
0.6987011
-0.7329295
0.4130674
-0.6222264
-0.6470846
-0.7756619
-0.6730555
0.7094547
0.5589559
0.6608344
0.7228309
-0.9772515
0.6476299
0.7379574
-0.7614848
0.7058411
-0.8681964
0.6717119
-0.5991008
0.8259262
0.5905218
0.6772831
0.6512988
0.9338578
0.6671302
-0.6790611
0.7086632
0.6401958
-0.7674513
-0.5463744
0.6585971
-0.6202548
0.6606017
0.6184333
0.5876123
0.5614564
-0.7820657
0.6361927
-0.6371266
0.7040863
0.6646896
-0.7264627
0.9448504
-0.569704
-0.7532214
0.7818352
-0.6722928
0.6729058
0.752809
-0.6739621
0.9262741
-0.7206251
0.6589872
-0.6580545
-0.7580407
0.8498373
-0.6126273
-0.7732987
0.9309204
-0.6831084
0.7503029
0.6074205
-0.7933233
-0.7204757
-0.6244382
0.6170617
0.7238736
-0.7117424
-0.6450156
0.6154835
-0.781815
