-0.02790137
0.128958
-0.1131784
-0.0188618
0.1844203
-0.05699364
0.1565936
-0.02332037
-0.06785659
0.01198335
-0.01781154
0.05017848
0.00187146
-0.1224921
-0.09056706
-0.03017841
-0.06725945
-0.1194044
0.0328374
0.0111659
-0.009066962
0.1503138
0.03696171
0.1224916
-0.09610001
-0.1712588
-0.04284612
0.03281315
0.1739131
-0.00709125
0.01876125
-0.1594111
0.1660174
-0.2473669
0.01698081
-0.1328354
0.1363884
0.03398858
0.0195739
0.04847351
0.003973311
-0.07366031
0.1570777
0.1323737
0.08727445
0.04034018
0.1209504
-0.01934135
-0.1907889
-0.04985486
-0.09560867
0.03128104
-0.1376826
0.04622753
0.04561917
0.1121046
0.1238365
-0.08064688
0.1722408
0.02324567
-0.07364651
-0.1417596
0.2089184
0.0789552
0.1298132
-0.05821043
0.08386234
-0.1726147
-0.08247971
-0.04103827
-0.3453357
-0.1103449
0.06150924
-0.1422485
-0.734212
-0.0161039
-0.0880426
-0.00430319
0.03389761
-0.08441683
-0.07437523
0.04129542
-0.1392695
0.1653138
0.1522436
0.02858078
0.001993163
-0.1452936
-0.232517
0.1815975
-0.1847042
0.2020441
0.03751543
-0.0824089
0.01042393
-0.1460175
-0.01025139
0.08282056
-0.01742453
0.07540126
-0.04413035
0.04240402
0.0400817
0.03181235
-0.1959581
0.09807478
0.009611409
0.1214707
0.01540085
0.1203932
0.05291767
0.2172196
0.0756933
0.0571764
0.06401495
0.08661855
0.06743284
-0.008002481
0.117447
-0.0452195
0.153558
0.1409332
0.05501292
0.1219459
0.0611934
-0.05738977
0.002827703
0.07811891
-0.2211079
-0.1321029
-0.07295621
0.1525613
-0.1028093
-0.06613312
-0.1217867
-0.1996151
0.1239769
0.04981762
0.04370549
0.01891333
0.01152642
0.07068747
-0.09975367
-0.1386704
0.008912478
0.0004538881
-0.0584963
0.02019776
0.01348684
-0.1598841
0.05499922
-0.02594135
-0.1068052
-0.01844873
-0.0568683
0.02591854
-0.007210512
0.004517987
-0.05119309
0.02609306
0.04532776
-0.06446242
-0.2313001
-0.01490296
0.05835705
0.239692
0.09391869
-0.1963997
0.1501379
0.2341712
0.1507306
0.0479357
-0.1070937
-0.06384814
-0.02818487
0.09511595
-0.07568497
-0.05711686
-0.09162934
-0.05373783
-0.1093586
0.1945707
-0.02867498
0.005274496
-0.02855366
0.1760865
0.118999
-0.07648524
0.1797662
-0.03164727
0.1606516
-0.02691518
-0.06262828
0.005046529
-0.08680492
0.0618422
-0.02260235
-0.0108151
-0.02163732
0.1788144
0.1324079
0.006286457
0.09990539
0.06540755
0.06005164
-0.2119986
0.1465001
-0.03625956
0.09325592
0.1829231
-0.05530218
-0.1528211
0.175743
0.08738913
-0.1177451
-0.04807722
-0.08782351
-0.0422173
0.104092
0.1560926
0.0732674
-0.2001743
-0.09395636
-0.004257392
-0.07180372
-0.1197859
0.04245956
0.0331805
0.04393584
0.09051699
0.1525588
-0.08469579
0.02929726
0.134958
-0.02030464
-0.04893629
0.01383798
-0.1325441
-0.09641426
-0.003678038
0.01402162
-0.719018
0.04467899
-0.08374509
0.04001549
-0.1412841
0.0139001
-0.05850188
0.01394762
0.03543394
-0.1048871
0.02929417
0.05759896
0.04822334
0.1799857
0.1230631
0.03355013
0.0947659
0.2027657
-0.02791426
-0.1221598
-0.05861133
-0.06392422
0.2012548
0.1103109
0.008499558
-0.096329
-0.00110028
0.1024406
-0.109251
-0.2024282
0.0869422
-0.1443675
0.1238963
0.07757643
-0.1607675
-0.009564564
-0.1298082
-0.1858169
-0.07167407
-0.05592973
0.1210064
-0.0002846364
0.0202207
-0.07903023
-0.01534547
-0.02478741
-0.02107493
0.03461238
0.02217075
-0.3137886
0.01308599
0.01931659
-0.04552799
0.1188673
-0.07289753
0.02804288
0.08393854
0.0224111
-0.01908901
-0.1185978
0.1073993
-0.07523109
0.09775351
0.07496453
0.06999717
-0.02573384
-0.2284809
0.06374441
-0.04562448
-0.10471
-0.1138747
-0.05543141
-0.03854241
0.09843589
0.02982189
-0.05274781
0.01404343
0.09383596
-0.06355181
0.1284274
-0.05846416
-0.02336535
0.01683918
0.09726602
0.1721177
0.0845394
-0.1871761
-0.09103397
-0.01216812
-0.06261942
-0.04797692
0.006615118
-0.08944311
-0.05529193
0.06411622
-0.3231928
0.01357099
-0.08943015
0.03242051
-0.07341776
-0.02993071
0.06766817
0.09535524
0.04754036
-0.1479935
0.09192007
-0.09390502
0.2627896
0.1130194
0.1236661
0.182004
-0.007126757
-0.07623805
-0.03474332
0.05744378
0.07019722
0.00316429
0.03877621
0.1059569
-0.06317992
0.7334481
-0.1895143
0.02949975
0.1045191
0.06834365
-0.008387666
0.0715805
0.176502
-0.007610974
-0.2368693
0.0428672
0.07625551
0.04624907
0.1636439
-0.05987568
0.01908646
0.16915
-0.0758802
-0.0729092
-0.04451603
-0.1724802
-0.004947184
-0.1240574
-0.1811161
0.07531323
-0.09590981
0.1298622
-0.02327722
0.01639032
0.1728224
0.7387945
-0.04143243
-0.04375027
0.009309361
0.005849234
-0.02912432
-0.02501277
0.01279794
0.04919348
-0.09783016
-0.08238468
-0.03069445
-0.04469076
-0.03097063
0.001818816
0.167795
-0.05031133
-0.07740992
0.1385518
-0.05228633
-0.1492226
-0.1780383
-0.1157937
-0.1196486
-0.01259634
-0.150674
0.03917452
-0.08149962
-0.02725933
0.05060148
0.04187117
-0.131252
-0.07624053
-0.01091397
-0.006002008
-0.2014884
-0.1304273
0.04828934
-0.06915033
-0.165481
-0.04009445
-0.1516161
0.09223468
0.2001513
0.01114533
-0.021417
-0.01859789
0.01640117
-0.02922537
-0.1329434
0.0621656
-0.2208039
-0.06001721
-0.02863897
-0.02823231
0.08476284
-0.1616694
-0.1294731
-0.04785121
0.1156125
-0.1551309
0.08463129
-0.01597987
0.05916312
0.1146245
-0.04744148
-0.008332614
-0.07720813
-0.1830867
0.05090246
0.003316209
-0.06672843
0.1884517
0.00867138
0.01830368
-0.1239538
0.09481083
-0.1098419
0.603153
-0.03577294
0.1599808
-0.03785844
0.05403133
-0.09954536
0.04311617
0.1222073
0.0459598
-0.003783165
0.08981833
-0.04562865
-0.03658988
-0.07739363
0.03180388
-0.01697267
0.005548957
0.1953531
-0.06405129
-0.1024044
-0.1731725
-0.1961453
-0.158147
0.1947044
0.08507407
0.09557854
-0.1663024
0.06589262
-0.1139185
-0.08654113
-1.653137e-05
0.05970924
-0.02576744
-0.03327794
-0.06477085
-0.02546865
-0.2656288
-0.1168819
-0.0176658
0.2142493
-0.08855076
-0.09990559
-0.03610597
-0.2538546
0.0446528
0.1793924
0.178702
-0.07871101
0.01903796
0.09065635
0.122966
0.08675563
-0.1355213
-0.1704791
0.03620804
0.02652121
-0.1600833
0.08426675
0.07697443
-0.1293551
0.008361775
0.01197891
-0.04098639
0.1098905
-0.1043661
0.004355875
-0.08330393
-0.0536501
0.0830647
0.042704
-0.0295619
-0.1108382
0.007966511
-0.09140893
-0.05959143
-0.1365485
-0.1414371
-0.1860402
-0.03568286
-0.1689239
0.2535813
0.008229911
-0.1031907
0.115975
-0.0204472
-0.01824653
-0.0646283
-0.04894732
-0.1303212
-0.02072282
-0.1118267
0.02518399
0.163203
0.04302328
0.01683336
0.1115124
0.02533932
-0.1547231
0.08723998
-0.07918075
-0.05386056
-0.05819923
-0.04848641
-0.1002278
0.07490031
0.06568983
-0.02738282
-0.07589049
0.03935242
0.02188614
0.0483085
0.06624295
-0.01783795
0.03146649
-0.09565569
0.1397523
0.07466947
0.1932288
-0.149452
0.1723327
-0.07342344
-0.08471396
-0.02573139
-0.2128674
0.01831587
-0.02594949
0.09918515
-0.02525264
0.1493521
-0.08952878
0.09636397
0.2067312
0.06288068
0.02036697
-0.003874522
-0.04571338
0.009567611
-0.1134155
0.2818724
-0.004931509
-0.07073823
-0.07952548
0.09255211
-0.03044361
0.1461713
0.1306477
0.08826589
0.02174302
-0.08988735
0.03300163
-0.05593588
-0.1190489
0.1247596
-0.1947054
0.2768036
-0.03801712
0.0005410422
0.2422077
0.07178319
-0.01656653
-0.1173588
-0.0845352
0.02409096
0.04039717
-0.1329774
0.05270946
-0.03716878
-0.01580112
0.04888228
-0.08684763
-0.08739233
0.03538519
0.1747207
0.09315851
-0.2043398
-0.137591
0.08532579
-0.09295069
0.1814255
-0.0551253
0.01101885
0.07850733
-0.01879897
0.0467354
0.009321207
-0.0689106
-0.05051911
-0.08598715
0.009120455
-0.006653843
-0.0728286
-0.0160699
0.06554848
0.02641362
0.06174379
0.002766472
0.06660095
-0.1602628
-0.04140394
-0.02484798
0.001390473
-0.1601347
0.1412855
0.09630048
0.01606584
0.09791579
-0.01442452
0.07144722
0.08660802
0.09846294
-0.02102123
-0.01580985
0.1537162
-0.1333061
0.07144318
0.08628414
-0.1840815
-0.02417058
0.1528609
0.01001995
-0.03635248
-0.07435158
-0.03831872
0.06627113
0.02831608
0.05921655
-0.03549539
-0.04557713
-0.09340224
0.04435849
0.111797
-0.02061765
0.09727393
0.0006969847
-0.04472727
0.06203948
-0.1348571
-0.0799999
0.1163398
0.06135868
0.01762719
-0.02362311
0.02338639
-0.2283353
-0.07081661
-0.07384802
0.004361949
0.07093557
-0.1426449
-0.04730657
-0.0750999
0.004446583
0.001599675
-0.1074503
-0.1253823
-0.000671994
0.09671516
-0.0615436
0.1599771
-0.02333593
-0.1051731
-0.06496252
-0.006423335
-0.0004684618
0.07927996
0.03672851
-0.03976671
0.1331873
0.07505829
-0.02816677
-0.06860965
0.1066635
0.04119782
0.06869704
0.0007425627
0.165805
-0.01065987
0.02394447
-0.09491132
-0.04493153
0.008615752
-0.05323651
0.1280097
0.04602275
0.09484489
-0.18258
-0.1385331
-0.1893616
0.05422914
0.1551395
-0.2068372
0.02200101
0.107072
0.1088963
0.120456
0.01853458
-0.09123072
0.05983172
-0.02581964
-0.1294628
-0.0008138465
-0.02222287
-0.04380474
0.141068
-0.1992135
0.03098555
0.2881111
0.06398276
0.1459257
-0.01673522
0.02161642
-0.006323039
-0.05886273
0.2492939
-0.1441299
-0.098119
-0.04987895
0.01568983
0.1816144
0.0833136
-0.05523473
-0.09345617
-0.06016145
0.02846785
0.7611644
0.6592511
-0.2616544
-0.1646495
-0.03792036
0.01669025
0.1156311
0.01039283
0.1061915
0.0821091
0.07369547
0.06771681
-0.03558889
-0.04311233
0.05496069
-0.1257127
0.1193057
0.07334466
0.02221095
-0.03578164
0.07841755
-0.0326056
0.03654522
-0.06464584
-0.06578953
0.04268948
0.03835879
0.06424986
-0.02228012
-0.02269523
0.1377946
-0.01132087
0.05322529
-0.07087356
-0.1775057
0.07996254
-0.03650201
0.0460501
0.07840916
-0.04070889
-0.09577374
0.02820114
-0.05275262
-0.05507858
0.03126837
-0.01171471
0.101213
-0.0782339
-0.01747966
0.2027906
-0.1407319
-0.1393577
-0.06095294
-0.0294476
0.04640525
-0.1537058
0.09861542
0.06302221
0.6988816
-0.03816055
-0.06331868
-0.006791297
0.1921929
0.02298626
0.02170793
-0.2166449
0.05790981
-0.05855057
-0.002723018
-0.01322808
-0.06142852
0.1111272
0.1188155
-0.01941383
-0.1272624
-0.07638646
0.1942259
-0.1239328
0.004894303
-0.07094609
-0.1094506
0.06234089
0.04418329
-0.006719482
0.1312896
0.03318236
0.02914632
0.1531756
0.151083
-0.2261779
-0.08472703
0.09754059
0.1241568
-0.02727164
0.1807859
0.08559222
0.03055467
0.00518596
0.07723993
-0.1358915
-0.0323892
-0.1421064
-0.07847028
0.004857722
0.1204702
-0.06289123
0.05852158
-0.04028391
0.09344669
0.04379797
-0.01106697
-0.1147625
0.03050941
0.09709937
-0.2104779
-0.1315241
-0.04380434
0.20236
-0.04870647
-0.03546163
-0.003363697
0.07542507
-0.07640603
-0.00238835
-0.1106013
0.1530014
0.1035055
0.7370388
0.004467556
-0.02358866
-0.02928638
0.0694885
-0.06000491
0.03520922
0.08282836
0.1192245
0.04525599
