0.06911094
0.001353917
0.5703709
-0.05526845
-0.6670145
-0.7106066
0.7377591
0.7339904
0.2263581
0.6450462
-0.6360872
-0.7154714
0.559455
0.03983144
-0.1664491
0.7693368
0.7012381
-0.6299201
-0.09037754
-0.03435793
0.5912244
0.103603
-0.145447
0.08300888
-0.6638176
0.09029888
0.025479
-0.6088485
0.6777747
-0.7896843
-0.2057531
0.1575032
-0.5647316
-0.1761185
0.1090243
-0.05681935
0.05171276
-0.05196298
0.1610424
0.13396
0.1137154
-0.04490388
-0.03477789
0.01629794
-0.05144627
-0.1157405
0.6739648
-0.1066808
0.03280599
-0.7395047
0.6608106
-0.1664342
0.1707949
-0.01285982
-0.02801553
0.1174731
0.5925789
-0.07270406
0.07194693
0.7752805
-0.1713674
-0.6821897
-0.6754314
0.01736245
-0.5865076
0.5532827
0.6535435
-0.1391963
-0.02051242
0.5757836
-0.7177448
0.02779119
0.06231876
-0.0175876
-0.6915175
0.6878648
-0.04033039
0.001104028
0.5381828
0.5533254
0.661863
0.5181334
0.05760322
0.555132
-0.01022086
-0.01046844
0.1831298
-0.09681824
0.5665804
0.8557848
-0.8719789
-0.7355189
0.1017039
-0.6937173
0.707016
-0.5658146
0.7483666
-0.82344
0.01752844
-0.07989822
0.7625028
-0.6795428
0.0001800813
-0.1898715
0.05554398
-0.662229
-0.1534864
0.6194038
-0.05584201
0.06114453
0.5362931
-0.1277844
0.04203803
0.6955976
-0.03431542
-0.6660776
-0.02516742
0.5114101
-0.1197114
-0.6445272
-0.1161231
0.1446368
0.8414232
-0.147089
-0.5881531
-0.679702
0.02532395
-0.6851201
0.0360091
0.6532294
-0.7500594
0.8676813
-0.08737964
-0.7632707
-0.8048651
0.02804532
-0.06281109
-0.6839688
0.03111425
0.2469618
-0.8219714
0.1209488
0.7058654
-0.1219088
-0.4984056
0.8319321
0.7433778
0.1853381
0.03390603
-0.7222554
0.7909921
-0.5660591
-0.1828264
0.03848736
0.1072175
-0.6388728
0.6636776
-0.7485615
-0.03382272
0.7116137
0.6613158
-0.683133
-0.6336675
0.7678026
0.6781846
0.598356
-0.008338178
-0.6835076
-0.90066
0.5030228
0.6643399
-0.7721478
0.6458405
-0.06786438
0.477968
-0.02770118
-0.7360754
-0.7267202
0.6173859
0.8325027
-0.04131502
-0.06961785
0.01004724
-0.6776681
0.04088572
-0.1719323
-0.6042389
-0.7072857
0.7119212
-0.03796478
-0.04540342
0.7302225
0.7216692
0.68264
-0.6350933
0.1163102
-0.09216041
-0.7375822
-0.01597401
-0.1269672
0.09060467
-0.005546297
-0.1192275
0.0206004
0.6705182
-0.05100402
-0.07425178
0.1889006
0.1233654
-0.7498624
