0.6161162
0.7413088
0.6209918
0.4449529
0.6831246
-0.111016
0.5952961
0.7177645
-0.007194544
-0.7501957
-0.1728007
0.05914674
-0.6644017
-0.03640692
0.783911
0.6961158
0.6464609
0.08741352
0.782417
0.05077669
-0.02283899
0.7164035
-0.04375033
0.03884798
-0.04052497
-0.08380817
-0.1819703
0.7731698
-0.6861854
-0.02517492
-0.6888916
-0.1253063
0.1413187
0.06133504
0.04982226
0.77599
0.9050161
-0.6943762
-0.7752364
-0.5968226
0.7196931
-0.5890819
0.06838316
0.1644406
-0.05686103
-0.1590038
-0.09968032
-0.1248062
-0.08713354
-0.05869442
-0.07656137
-0.722296
0.609926
0.6596146
0.01539773
-0.04290419
0.7716865
0.7330757
0.189365
0.7990135
0.7745472
-0.6934183
0.03973531
-0.06458879
-0.6953051
-0.7182945
-0.7514007
0.02233382
-0.6395443
-0.01760801
0.1014766
0.1765895
0.6644186
-0.6725652
-0.6423608
-0.07556794
-0.02191506
0.7038747
-0.838105
0.03048533
0.06238149
0.1213995
0.6602643
0.01424238
0.02294542
0.1456014
-0.1673066
0.1848375
0.7350154
-0.7848772
0.6379334
-0.2789464
-0.7586453
-0.7317376
-0.04486733
0.6940347
0.1154324
-0.6543683
0.062174
0.2343009
0.06073704
0.7738508
-0.057367
0.7876434
0.7315317
0.03176459
-0.09360499
0.1212938
-0.1138224
-0.1977152
0.6821182
0.6284901
0.8198597
-0.801133
-0.02065294
0.7864865
-0.6275638
-0.6773902
0.5657305
0.05196392
-0.1046974
0.7516039
0.6703096
-0.07950292
0.06680058
-0.008838799
-0.08639358
0.07264009
-0.7985654
-0.06821844
0.08414906
0.8409327
0.6975028
-0.06696732
0.05222836
-0.7921148
0.5505826
0.7489835
-0.6582718
0.6219621
-0.597932
0.1138163
0.6416681
-0.6769032
0.01209756
0.7744774
-0.1582961
0.9046215
-0.5638959
0.07370128
-0.6202423
0.009388173
-0.7032541
0.01176243
0.02506613
0.927508
-0.6360214
-0.6820978
-0.1365054
-0.007090464
-0.7163649
-0.6498297
-0.1071611
0.6489587
0.7424235
-0.6264562
-0.9204442
0.7355742
-0.6318531
0.02104346
-0.009539311
-0.7497087
0.5766751
0.1277159
0.05960536
0.08794915
-0.5878445
0.06220608
-0.1316044
0.7050404
0.07780369
-0.7162301
-0.5813213
-0.05817929
-0.6762243
0.78134
0.8766232
-0.1810129
0.6906967
-0.01180897
-0.616931
0.8670636
-0.07312447
-0.07294822
-0.6855376
-0.7635828
0.05092359
-0.1043214
0.1065462
-0.6017371
-0.04805236
-0.05769948
0.685763
0.1363064
-0.08744564
-0.02956538
-0.8518039
-0.01413854
-0.03902364
-0.007870111
-0.7407841
-0.7252101
0.7766407
-0.1604154
-0.1271393
-0.01463572
-0.09856232
-0.6778714
-0.6143762
-0.1119248
-0.7305965
0.7946767
-0.03519938
-0.8292842
0.5023131
0.7334204
-0.8214806
0.6021381
-0.7304943
0.02341624
0.7298911
0.02865486
0.7588352
0.0645346
-0.1381173
0.6476066
0.2379264
0.5496872
0.093812
-0.02116241
0.6857917
-0.1665389
0.6977587
0.6406303
0.7264637
0.1675702
-0.5375218
0.7004955
0.02588163
0.07081723
-0.1982613
0.6659724
-0.7907346
-0.8313566
-0.02723887
-0.008073369
0.08486414
-0.1081575
-0.6259771
-0.009407508
-0.7507535
-0.6562554
-0.1501086
0.0773272
-0.7459324
0.004636557
0.08672439
-0.5451247
-0.7251945
0.02936596
-0.5898339
0.03924275
-0.0168961
0.7340023
0.05912392
0.8708843
-0.6779252
0.03508125
0.5911688
-0.08425978
0.009938845
-0.6861794
0.7352546
0.666302
0.7259561
0.1771891
0.8371814
-0.09406001
-0.003723565
-0.1755596
0.7088247
0.05214273
0.83107
-0.8235339
0.771468
-0.5003216
0.7754092
0.6479837
0.53672
-0.05640251
0.0420162
-0.08864253
0.8003128
0.4249693
0.1061637
0.02614502
-0.9298927
0.05881358
0.6543167
0.09339992
-0.685313
0.8681241
0.7031897
0.6516348
-0.0416695
0.7523907
-0.7099427
0.1724485
0.6177504
0.122649
0.01150403
0.0607955
0.7682882
0.06023896
0.9613898
-0.8617113
-0.7520267
-0.190134
-0.7073565
0.057316
0.01211707
-0.1757054
0.1078698
-0.09110189
0.08502695
-0.05930318
0.6440653
-0.06539672
0.009674886
-0.6930537
-0.7651053
-0.05774098
0.7361964
0.03182055
0.5644244
-0.06483714
-0.8901085
0.6863525
0.6823623
0.142162
0.6547252
-0.04124935
-0.5720172
0.1923094
-0.7372193
0.6663225
-0.1448559
-0.2800399
-0.1779755
0.5040049
-0.5500341
-0.03169038
0.08514373
-0.1591101
0.862044
0.01206289
0.4168175
-0.09901316
-0.6426132
0.482727
-0.04289374
-0.5586255
0.659382
-0.04058751
0.5874872
0.07377494
-0.09166586
0.1763479
0.03743939
-0.703281
0.04733936
-0.6902526
0.1296659
-0.6525871
0.9781295
0.8477722
-0.08288089
0.6845568
-0.1762084
-0.1633069
-0.7659669
-0.6962674
0.02886457
0.2204117
-0.03977077
-0.06662782
0.03437569
0.1398306
0.6320921
-0.06372721
-0.1817209
0.6001159
-0.6708015
0.1429221
0.8761963
-0.0214353
-0.9387311
0.7046054
0.1081255
-0.690725
0.6147052
0.7796213
-0.006673863
0.7445414
-0.1359349
0.1560419
-0.1112438
-0.6409009
-0.5768003
0.6648785
-0.03178459
-0.5849459
-0.7258481
-0.6891578
-0.04686346
-0.07787793
-0.01319713
-0.05021661
0.7283702
-0.07709194
-0.7058254
-0.03434637
0.06066263
-0.0215491
0.02804623
0.912512
-0.03642886
-0.6452225
0.2390973
0.6369036
-0.008458428
-0.04830183
-0.08787611
0.7661571
-0.1250938
-0.08755008
0.02656736
-0.1083871
0.6385813
-0.1501731
-0.0185968
-0.6495661
-0.1078119
-0.6277535
0.05055395
-0.0731297
0.6354664
0.6180955
-0.6080751
-0.6463983
-0.7089195
-0.0557381
-0.7061593
0.05938235
0.02808151
-0.06753531
0.4691328
-0.03526203
-0.5267259
-0.706385
0.09287708
-0.6419297
0.7322399
0.6731648
0.1715252
-0.03155604
-0.6108797
-0.8436488
0.1231016
-0.7673195
0.6848259
0.7127019
0.7525379
-0.8411256
0.03273538
-0.0408806
-0.07166851
0.08328349
0.04087826
-0.6064784
0.8467687
0.08052686
0.5707721
0.6130171
-0.6955554
0.07013392
0.6555488
0.7484227
-0.1508672
0.7218984
-0.7949229
0.658794
0.8243515
-0.1275295
-0.7938611
0.826527
-0.02815367
-0.8776346
0.6715759
0.6518245
0.1039752
-0.7188131
0.162577
-0.8187455
-0.5978614
-0.1549541
0.64451
0.6578158
-0.1188094
0.6865295
0.6562822
0.1484457
-0.1022392
0.1512731
-0.01692118
0.7408841
-0.5317947
-0.7744132
-0.04465546
0.6334352
0.08499531
-0.6733068
-0.07644104
0.07773352
0.6911498
-0.7911373
0.04768666
-0.1529922
0.7558462
0.6311417
-0.7025952
-0.674747
0.2142785
-0.1382701
-0.265648
-0.4810967
-0.0748945
0.1054975
0.03101654
-0.6260414
-0.06182519
-0.7046882
0.7819189
-0.09883843
0.5386653
-0.8382092
0.7282795
0.5477637
0.02450185
-0.5450398
-0.07906381
0.1787242
0.552119
-0.01907748
0.3025997
0.2040846
-0.7234286
0.1002036
-0.7198679
0.05535229
0.5156766
-0.0701571
-0.1857158
-0.5895622
0.08672002
0.6277057
0.1783786
-0.219422
0.01943438
-0.785515
0.1127162
0.2186185
0.04877371
0.2057216
-0.09480696
-0.1735041
0.1493084
-0.09281286
0.8452427
-0.031195
-0.019223
0.5057552
0.8004237
0.1929434
0.691471
0.7615061
0.02528613
0.0449412
-0.5770455
-0.703959
0.4997711
0.7081803
-0.6882741
-0.7017679
-0.1897233
0.897938
-0.01442632
-0.7757119
-0.7447258
0.686143
0.7883654
0.8557863
-0.04060686
-0.024342
0.7364566
-0.8232668
0.7561214
-0.004018769
0.2610789
0.596327
0.06491356
0.06449017
0.1329015
-0.04603939
0.05538745
0.672346
0.01853281
-0.5745051
-0.7814002
-0.4596208
-0.04343661
0.6745762
-0.05247026
0.1027792
0.195052
0.006256131
-0.7163183
0.01573653
0.6954959
-0.6498963
-0.05828895
-0.4424856
0.03089111
-0.04495991
0.0534837
0.7575478
0.1399042
0.6422035
-0.1044949
0.03183188
-0.124713
-6.315641e-05
-0.08795583
-0.7061237
-0.02778978
-0.07508799
-0.009675145
0.1495535
0.1220379
0.05865655
-0.03409657
0.1062216
-0.02613331
-0.6201791
0.655587
0.03002814
0.0586751
-0.6898885
0.1045101
-0.002112453
-0.7360515
-0.849829
0.02571745
-0.7897395
0.2895889
0.03398091
0.608013
0.04930995
-0.7080583
-0.4942834
-0.05500198
0.7232733
0.04748843
-0.623056
-0.7003158
0.607973
-0.7346082
-0.0518711
0.01038919
-0.1146489
-0.8127782
0.7021663
-0.0417868
-0.6449547
-0.004026437
-0.2464024
0.6745061
0.0233949
-0.734163
0.6213955
-0.8444902
0.7829045
0.01698845
0.5792919
-0.596624
0.006409531
0.1421977
-0.5550061
-0.05904434
0.8333022
0.05346748
0.1204959
0.0834642
0.01835165
0.1409008
0.6306955
-0.7205201
0.8504465
-0.6827029
-0.6332638
0.5242335
-0.8232855
-0.01830251
0.8401526
0.7738221
-0.8265461
-0.07328589
0.5831166
0.1857735
-0.01051692
-0.1013322
0.08193882
0.02371335
-0.6234768
0.6585661
-0.0191206
0.005270001
0.6740084
0.03705484
-0.5708641
0.6890225
-0.03213198
0.5724238
-0.6456625
0.03147252
-0.7276323
-0.8098179
0.6780652
0.08092402
-0.9012688
-0.08910498
0.7001617
-0.6923478
0.5894162
0.07629623
0.108911
0.09368894
-0.8182513
0.1120647
0.06639299
-0.7419415
0.09426323
0.7902934
-0.07882721
-0.08133174
0.7814936
0.6835865
-0.8317748
0.1730409
-0.6012117
0.5644004
-0.6337508
0.04615156
0.7154992
0.03907518
-0.6856582
-0.6725251
-0.7072501
0.9109069
-0.744076
0.671014
-0.005583985
0.5985095
0.06415749
0.6293273
-0.7187431
0.6062025
-0.05599195
-0.09105981
0.1114724
-0.7800515
0.8348076
0.687827
0.6977513
0.08424427
0.08246562
0.1579249
0.6430509
-0.6943908
0.1397433
0.04953355
-0.0782886
-0.06433884
0.6868371
0.04867431
0.7350036
-0.8038095
0.6056769
-0.7220324
0.09092205
0.8056875
0.6177707
0.08360909
-0.07902236
0.1446578
-0.2418257
-0.5782788
0.08365972
-0.189349
0.5420119
-0.6094758
0.8142502
0.1749451
-0.682549
-0.6809897
0.1954119
0.5099218
0.8432138
0.643417
0.09138985
0.8079391
0.1358523
-0.1096743
-0.1226754
-0.09597712
0.06005713
-0.04061735
0.004115592
0.0300576
0.4408874
-0.6552968
-0.8181318
0.070051
-0.7457379
0.1421326
-0.0394539
0.03106902
0.06291008
-0.7073978
-0.1734067
0.2022012
0.5829895
0.6812134
-0.7405009
0.005210762
-0.194261
-0.7872864
-0.8357544
0.6780271
0.03956433
-0.6761641
-0.05636933
0.03860979
-0.0319051
-0.6064473
-0.6764103
0.08425923
-0.5171065
-0.6132633
-0.07907604
0.09232006
0.03568342
-0.1487561
-0.05837022
0.005785679
0.5739855
0.1006245
0.7312955
0.04125204
0.7382848
-0.7488626
-0.04189813
0.01318703
0.6906875
0.08939299
0.1856787
0.1228898
-0.04690336
-0.7061496
0.57995
0.08153461
-0.7206949
0.8048552
0.1452119
0.1437498
-0.0008018292
0.796445
0.7500647
0.7439109
-0.7749317
-0.1558403
-0.5398185
-0.1109102
0.09967174
0.6860101
0.7466603
-0.7544056
0.03267225
0.1697269
-0.02713955
0.6465451
-0.1117404
-0.694353
-0.6657571
-0.6431586
0.05135282
-0.8020586
-0.04642511
-0.03261978
-0.1057964
0.07002047
0.03428127
-0.124344
0.8187179
0.7925092
-0.9503576
-0.068349
-0.8251892
-0.4864329
0.04406305
