0.6937484
0.7076673
-0.6911892
0.5911419
-0.589805
0.7510822
-0.7097512
0.8070522
-0.541322
-0.6366427
-0.7241252
0.7473832
-0.7081201
-0.8213986
0.632361
-0.7024514
0.7234285
0.7846638
-0.7107086
0.678089
-0.6685419
-0.7832319
0.7683452
-0.6474433
-0.7029053
-0.740526
-0.6105634
-0.6649145
0.82164
-0.7801564
0.5629334
0.756518
-0.7280917
0.8348162
-0.6746257
0.606485
0.6052657
-0.6212519
-0.7525776
0.6891567
-0.8324583
0.5539212
-0.5953366
0.6159989
-0.6166489
-0.9422947
-0.5347252
-0.720226
0.7241289
0.6844609
0.9043261
0.571742
0.6037687
0.6431281
-0.7690205
-0.7320981
0.692963
0.6788755
-0.7022234
0.6943066
-0.7892839
-0.5855236
0.8191274
0.5245099
0.7474127
-0.4850139
0.6819532
-0.5386697
-0.7071834
-0.7797103
0.6824783
-0.6232886
-0.6230763
0.8474007
-0.614413
0.6322578
0.7108245
-0.6521855
0.7363854
0.8829009
-0.7056567
-0.6712859
-0.5355295
-0.7944708
0.6125978
-0.6060383
0.6193963
0.7897898
0.563666
0.6074165
-0.580009
-0.7239834
-0.7486503
-0.8288376
-0.7880935
-0.6774703
0.6017549
-0.67103
-0.7580421
0.6689895
-0.4756258
0.5550386
-0.6441655
-0.787481
-0.7748329
0.7329517
-0.5099634
0.7722197
-0.5905065
-0.6146721
-0.7191311
-0.6251936
-0.6492091
0.7069164
0.5154938
0.811035
0.7478618
0.6578579
0.7445787
-0.7987137
0.6383336
0.3666782
0.8045691
-0.66117
0.7148004
-0.7710694
-0.8635231
-0.5648683
0.5954072
-0.6929372
-0.774612
0.6551407
-0.664186
0.7314473
0.6443247
0.529167
0.5327846
0.7102338
-0.6652935
0.6612854
0.6908495
-0.5986692
0.682558
0.8367717
0.7777065
-0.7186151
0.6674587
0.7204021
0.6194253
-0.6455251
-0.5397087
-0.6774132
0.7368173
-0.6390504
0.6825323
0.5732325
0.5458866
-0.7017414
-0.6864725
0.6596883
0.7291843
0.6644646
0.7078943
0.6312459
0.6614729
0.8055947
0.7522438
-0.8591027
-0.771873
-0.6508247
-0.6244066
0.5864592
0.86596
-0.8402023
0.5753743
-0.9201936
-0.7149994
0.613383
0.6750723
-0.6265834
-0.6327222
0.7837066
0.5960576
0.5764254
-0.9312359
-0.8106322
-0.3981347
0.8898612
0.5861073
-0.535155
0.5479517
-0.6784031
0.7381638
0.8980907
-0.6707132
-0.6863462
0.557617
-0.6079628
-0.5778023
-0.7912627
-0.714539
0.5589215
-0.6854989
-0.6557144
-0.7165791
-0.8048711
-0.649179
-0.7563122
0.7454394
-0.5657096
