-0.0843052
0.6464985
0.8447921
0.2073961
-0.1056747
-0.6576223
-0.05376267
0.009031637
0.728001
-0.0517519
0.02873013
-0.5263397
-0.8012409
-0.7329323
0.02972088
-0.6558043
-0.6863887
0.0346634
0.67669
0.01899828
-0.006869864
0.7847922
-0.6220922
0.6912382
0.8244599
0.7101858
0.05788166
0.02279049
0.6319012
-0.6197442
-0.1850502
-0.09685448
0.7559098
-0.5691194
-0.8438375
0.8114069
0.5597283
-0.7527792
-0.8260964
-0.01821134
0.004913854
0.04120764
0.6509118
-0.001965366
0.03030164
-0.7903894
0.6230317
-0.555304
-0.9884609
0.09558366
0.1060034
0.8282432
-0.7333028
-0.6091485
-0.6716033
-0.06379772
0.0552848
0.7301823
-0.7320496
0.6471379
-0.02658862
-0.643003
-0.005235283
0.55793
0.03085785
-0.03669964
-0.6170657
0.5722694
0.5022915
-0.04977494
-0.06370445
0.7607704
-0.1869411
-0.1068552
-0.01260054
-0.07362844
-0.01912418
-0.8129772
0.6107217
-0.09195327
-0.1743868
-0.6548434
-0.7472541
-0.05559411
0.1108959
-0.6263728
0.6237793
0.08799928
-0.7310445
-0.04312486
0.01664447
0.7071991
0.6823926
-0.02519876
0.04000204
-0.5937302
-0.03938736
-0.547971
-0.08349971
0.8932929
0.0820293
-0.03615254
-0.9057124
0.6533422
0.6583874
0.8376424
0.03762361
0.5110356
0.02726873
0.5988664
-0.1700893
0.7850509
-0.6329766
-0.7331495
0.1437472
-0.03122054
-0.1685384
0.7842424
-0.06750008
0.01373116
-0.7854714
-0.130446
0.04414326
0.6032785
-0.7473044
0.07240819
-0.2562379
-0.09372177
0.1529561
-0.0005386138
0.5248288
0.6882053
0.004549311
-0.7707342
-0.761681
-0.003902483
0.08397429
-0.0841408
0.76477
-0.1867466
0.8922329
-0.6160385
-0.755407
-0.01035946
-0.1232538
0.5998564
0.722899
-0.2064526
0.7608721
0.08363831
0.01222439
-0.7719721
0.0633637
-0.7134765
0.1775775
0.05033541
0.1859946
-0.0609493
-0.5778416
0.7900821
-0.6294169
0.1772168
0.1178311
0.8032174
0.1376948
-0.07172654
0.06885127
0.1268101
-0.1872089
0.8179555
-0.10773
-0.147417
-0.01027613
-0.8646338
0.615707
0.7779026
0.008323524
0.1285085
0.02760449
-0.1711143
-0.8081022
0.7091258
-0.04272127
-0.602447
-0.6780573
-0.8040999
-0.05488087
0.795026
-0.7876884
-0.1500316
0.7496636
0.01827388
-0.07967281
-0.6977658
0.01536267
-0.7698096
-0.6566718
-0.0693519
-0.03431562
0.07428493
-0.02855377
-0.1669884
-0.026439
-0.8631426
-0.05268328
-0.06370158
0.317452
-0.6440266
0.04420162
0.713167
-0.05291952
-0.2677169
0.1812712
0.6415221
-0.08620418
-0.7561441
0.1074962
0.7677162
0.1321586
0.02794691
-0.01150062
-0.02502346
-0.1557174
0.7191067
0.6594097
0.6548507
-0.587878
0.8142685
0.2453695
0.04649273
0.6836622
-0.09083315
-0.6964808
0.1720597
0.669522
-0.5222773
-0.7154229
0.02103302
0.248092
0.6958637
-0.1452705
-0.7605115
-0.1056916
0.008983685
-0.7503761
0.03780394
0.1623822
-0.09762936
0.5923097
-0.7187871
0.7814289
0.7307499
-0.6827021
0.8503221
0.6662831
0.8779994
-0.1510596
0.7212533
0.7835765
0.1138657
-0.1452338
-0.7557825
-0.1932076
-0.02390616
-0.05002715
-0.5944
0.04154212
-0.02961163
0.8293694
-0.7075768
0.82472
0.7598083
-0.6270108
0.09067204
-0.06205995
-0.8343048
0.7741716
-0.823247
-0.09036118
-0.7150215
0.0564588
0.06092564
-0.1836021
-0.6687325
0.516011
0.9182082
-0.09430089
-0.5244582
-0.7270284
0.7552185
0.6128751
0.01165939
0.7539539
-0.540353
-0.0627076
-0.8495739
-0.8157054
-0.6805505
0.02593308
0.6656185
0.004976722
0.6620774
-0.04214354
0.917768
0.7018129
0.1223514
0.2618233
0.5606091
-0.01377588
-0.0002668985
0.8137381
-0.03284491
-0.6617186
-0.6750007
-0.6556688
-0.7573997
0.2575453
-0.1140691
-0.03097471
0.0416243
0.7363002
0.5762335
-0.7081644
0.553235
0.7848811
-0.09196255
-0.1126194
-0.0005835039
-0.1256133
0.02127915
-0.7487091
-0.7559782
-0.8526473
0.4455021
0.1110295
0.8691989
0.12565
-0.7013006
0.7078743
-0.6576874
-0.03371411
0.0492654
-0.6101605
-0.598386
-0.5766043
-0.04211664
0.03346028
0.6825249
0.5644385
-0.09080599
-0.02839357
0.02665925
0.1224319
-0.6109946
-0.1247767
0.0601275
-0.09087522
0.09003449
-0.09538715
-0.1240892
-0.6849922
0.6118395
0.7996256
-0.7980491
-0.6415462
0.7917219
-0.0351657
0.04517492
-0.7525044
-0.1136495
-0.2334972
-0.7858069
-0.65363
0.00741714
-0.1056493
-0.00775545
0.4515442
0.08095199
-0.08697499
0.6806394
-0.652032
-0.08504353
-0.5464921
0.03068785
-0.6501791
-0.6121095
-0.6010299
-0.6386664
0.2369595
0.6328378
0.156084
-0.1353836
-0.05080046
0.6453161
-0.08981703
-0.6823197
0.06498796
0.6110998
0.03597615
0.06333249
0.009781592
-0.08011838
-0.1102293
-0.7783129
0.05194182
0.8713787
0.6331445
0.8403501
-0.7969019
-0.05714493
0.6854683
-0.04299724
0.7109817
-0.609655
0.1046651
0.0762496
-0.843699
-0.7522181
-0.03533844
0.762475
-0.8497345
-0.06778973
0.0665216
-0.5976227
0.02910045
0.8615996
0.4517307
-0.6701574
-0.6999516
-0.7933207
-0.7491487
-0.6690904
0.1213942
0.02523585
0.7583886
0.6002579
-0.7376166
-0.003934219
0.01430801
-0.6402272
0.6745913
-0.6164797
0.0264323
-0.1355822
0.03590715
-0.1708253
-0.75674
0.02904333
-0.1303794
-0.7045572
0.683851
-0.01225606
-0.7814783
0.06001695
0.07171344
-0.7322347
0.04278925
-0.08371052
-0.6908912
0.07600608
-0.6685758
0.7072863
0.1340577
-0.07491056
0.7708056
-0.670329
0.6195071
0.6861044
-0.03761266
0.06632231
-0.6520776
0.5099623
0.1648424
-0.2132918
-0.6244466
0.618271
0.8000585
0.03968293
0.8316825
-0.7109552
-0.9361352
-0.0232012
0.01059372
0.121757
-0.1171764
0.6664996
0.6476786
0.8436404
-0.855401
-0.5872417
-0.5774492
-0.01139589
-0.6076281
0.05111391
-0.0714419
-0.06949716
-0.202252
-0.5350011
-0.5634639
0.1270355
-0.001607787
-0.0581763
-0.1653575
-0.05744088
-0.7839094
0.5565932
0.03082999
-0.04726275
0.04462222
0.6156314
0.2060688
0.2585396
0.1499806
-0.7031664
0.7578658
-0.140459
-0.1334118
-0.7378201
0.169062
0.6708107
0.09234385
-0.6980997
-0.03468909
0.7130724
-0.01323278
0.8385704
-0.8252111
0.01092072
-0.6956944
-0.01351576
-0.06405253
0.7648954
-0.8408382
0.7685577
-0.2189809
0.15531
0.0702062
0.005152381
-0.2427974
-0.008607073
-0.07383574
0.1167724
-0.8564121
-0.8544601
-0.02246594
-0.005516815
-0.0627366
-0.01843494
0.6668427
-0.05256462
-0.06752275
-0.01567886
-0.5962229
0.1863266
-0.5912614
0.004569182
-0.1201792
0.7840826
0.839343
0.6746845
0.6741304
0.1243295
-0.6745884
0.2271022
0.6879917
-0.8547021
0.1057956
-0.6569577
-0.7197349
-0.8187253
0.08764842
0.05926347
-0.6659946
-0.5378198
-0.7995279
0.7138294
0.6682539
0.05153887
0.04427858
-0.7048588
0.543363
0.6978672
0.841173
-0.1964555
0.6392916
0.7434258
0.5838159
-0.1026026
-0.1012036
0.6148838
-0.6571909
0.199862
-0.6377537
-0.7739775
0.6374453
-0.1085604
-0.7651266
-0.06925668
-0.5517967
0.06409622
-0.1717521
0.08261886
0.1280775
0.6700128
0.1358827
0.03412391
0.06422362
-0.03212107
0.1440196
-0.6877738
0.6661758
0.04667563
0.682076
-0.02560654
0.7657564
0.673049
0.65088
-0.05421698
-0.1390178
0.8538607
-0.06528382
-0.03803685
0.008674304
-0.758053
0.4914981
0.7380049
-0.6408084
-0.7177594
-0.7476018
0.6127789
0.8885943
-0.7228359
0.6896067
0.01071897
-0.02306205
0.239007
0.6919839
-0.1089059
0.03137692
0.1095721
-0.1018895
0.1670875
-0.6656288
-0.01818664
0.08673554
-0.8334269
0.1482301
-0.7523268
-0.7816474
-0.7458908
0.003103741
0.5984956
0.4432502
0.01457115
0.08587034
-0.02099383
0.0398824
0.07611277
-0.09654066
-0.5227218
-0.7747284
-0.6880969
0.1818335
0.716521
-0.6960262
-0.806683
0.5774094
0.6384131
-0.04335727
0.1662486
-0.7494603
-0.1145552
-0.622218
-0.6771237
-0.6818119
0.1495214
0.7954708
-0.575701
-0.7175976
-0.7098404
-0.00841155
0.6104974
0.5741975
-0.653812
0.6750688
0.0002188401
0.8114239
-0.0688825
0.1963609
-0.7373382
-0.6150464
0.5797104
0.02730414
0.6167765
-0.0737608
-0.1256576
-0.00170699
0.07605606
-0.7103298
-0.02652634
-0.7355468
0.7620744
0.105045
0.4737447
-0.05029656
0.08803191
0.1548353
0.05780062
0.6800638
-0.6323615
0.02175204
-0.6405281
0.04619795
-0.5427481
-0.6578462
-0.03989024
0.102356
0.6130601
-0.7229252
0.4530377
0.01939982
0.7562021
-0.865382
0.9470518
0.5999444
-0.1292028
0.6602346
0.02993022
0.6491284
0.04969342
-0.08905709
-0.6199832
0.01269965
0.1889042
0.03797677
-0.6976288
0.0136044
-0.6381195
-0.08080804
0.5924476
0.08582023
0.008441634
-0.1481792
-0.09651266
0.01036001
0.1177324
0.01925665
-0.6938711
-0.04623105
-0.07243875
-0.06390169
0.7375614
-0.05840542
0.7117737
-0.03003427
0.7091172
0.1019995
0.07983519
-0.6975562
0.5939278
0.05758525
0.01357812
0.591939
0.1004023
0.08760959
0.6238504
-0.4249662
-0.3138993
0.7577428
-0.04806101
0.01928074
0.5882216
0.668562
-0.06137293
-0.643378
-0.647463
0.0730374
0.03995188
0.6845334
-0.009638105
0.1863734
0.7782755
-0.005928546
-0.5430802
0.04510229
-0.7031035
0.5910444
-0.6584865
0.05172999
-0.06399809
-0.7929676
-0.8260788
-0.08735823
0.1071047
0.04681295
-0.09273218
0.5349656
-0.9715464
-0.09365952
0.0477875
-0.1195291
0.03053017
0.1732662
-0.2163163
-0.01198195
-0.09755274
0.7889256
-0.6926524
0.03542046
0.0176206
0.02306821
-0.6602074
-0.09723931
-0.5649778
0.1529143
0.6780592
-0.711304
-0.1840939
0.01651926
-0.2253422
0.6728094
-0.1489013
0.6125549
-0.01632401
-0.6405636
0.1402407
-0.04262453
0.6718875
-0.7162289
0.6439318
-0.03073994
0.0713397
0.8688068
0.1568736
-0.01143761
-0.634586
0.6347601
-0.1507783
0.7450104
-0.6563828
0.159744
0.6757966
-0.1713968
-0.6646615
-0.8446931
-0.80487
-0.7393708
0.6481073
-0.1377228
0.1048592
-0.6625916
-0.09187486
0.6086249
-0.8158797
0.7283001
-0.6050645
-0.7385439
-0.5913426
0.661226
0.7189607
0.8047836
0.6159364
0.01125943
-0.639991
-0.04229027
0.0148624
-0.6532185
0.1185452
0.7850567
-0.03947697
-0.6322231
0.8484226
-0.06289949
0.141925
-0.1370665
0.6034441
0.01371128
-0.8635848
-0.6611164
-0.2131044
0.618902
0.597953
0.09339879
-0.8030955
0.129711
-0.0811869
0.659328
0.6102392
-0.585482
-0.8259367
-0.6191564
0.09766732
-0.7308287
-0.8232363
0.7656676
0.5961152
-0.08874124
-0.06862168
-0.09341569
0.1658327
0.06141317
0.03386413
-0.7507481
0.7982147
0.5915025
-0.02101702
0.8034457
-0.7865228
0.6968811
-0.7700548
-0.03875662
-0.6985312
-0.7120014
-0.5965773
0.06259066
0.7749365
0.08464381
0.1331697
-0.6704504
-0.6277962
-0.03406443
-0.01159791
0.05358505
-0.03376868
0.6557053
0.7204255
0.846739
0.5539582
-0.0471635
-0.6549887
0.03193411
0.5516706
-0.07397143
-0.8053203
-0.6977036
0.8245035
-0.0001582042
-0.02120912
0.2253475
-0.06062471
0.7045295
-0.7266212
-0.09072817
-0.6325614
-0.05228158
0.08504394
-0.04080361
-0.01418087
-0.774537
-0.7257012
0.03781574
-0.1994485
0.5932115
-0.6647649
0.5830278
0.0983347
-0.7948097
-0.7795379
-0.02269867
-0.02723881
-0.02537904
0.04157764
0.05724419
0.5113236
-0.5978135
-0.5587224
-0.07544702
0.504457
0.5292312
0.5018652
0.03087211
0.06341576
0.1473968
0.03235721
0.09235101
0.6374589
0.5938541
0.7198834
0.03372029
-0.2073308
0.09379369
-0.7544536
0.6819379
-0.1013925
-0.6295079
-0.03707228
-0.1421333
-0.6642382
-0.1647871
0.6741227
0.001940403
0.9633303
0.7442443
-0.1273344
0.730791
-0.009876599
0.02205445
-0.8547399
0.8612375
0.05582358
-0.03763908
-0.2027566
0.7329377
0.5534575
0.5749201
0.05423249
-0.6196751
-0.7309976
-0.1642806
-0.2353634
-0.8331656
-0.06967932
-0.09736735
0.7252848
-0.08190104
0.7404176
-0.5736055
-0.04456583
0.5578342
0.5746441
0.7692079
-0.1557348
0.8533679
0.0279216
0.09581567
0.6193577
-0.06410519
0.04464618
-0.7120684
0.05880908
-0.01880463
-0.01830474
0.8691843
0.0491819
-0.9258373
0.07172341
-0.06823388
-0.6892857
0.1353443
0.169139
0.4954223
-0.1525397
0.04377469
-0.06431253
-0.0476078
0.1229401
0.6469914
-0.1167131
-0.03003524
0.0769974
0.7171735
0.7685641
-0.1769082
-0.6815139
0.06920225
0.1377986
-0.273597
-0.7714037
0.08080433
0.05240686
-0.6575354
-0.1604955
-0.7254154
-0.9092931
0.6950569
-0.09927044
0.5491706
0.7100763
0.1824826
-0.1584442
-0.7805302
-0.7127253
-0.07066527
-0.1043684
0.7541474
-0.1007192
0.6769689
-0.595142
-0.656953
-0.1605658
0.1311056
0.747086
0.7150266
-0.01299669
-0.7796525
-0.08256382
-0.7885611
-0.8323696
0.05325057
-0.1360014
0.04179995
-0.08502582
0.08695264
0.7965952
0.6952209
0.7326591
0.7207824
-0.1406908
-0.6126786
0.0775054
-0.7839617
-0.7927492
-0.6568925
-0.1086082
0.01752621
0.7565995
-0.7199777
0.6788053
0.6246146
-0.03104621
-0.7501641
0.2534346
0.7533008
-0.5803911
-0.7401723
-0.02074285
0.2745673
-0.7761763
-0.06427001
-0.0141612
0.8035838
-0.3001025
0.8985066
-0.8025268
-0.1226564
-0.03422772
0.7590004
-0.08514451
-0.1875983
-0.7421328
-0.6603228
0.08651621
0.1139717
0.6497517
0.1462976
0.812928
-0.04622867
0.09128478
-0.5874905
-0.1381554
-0.540905
-0.007801928
0.05023463
-0.008721313
-0.7622425
0.1526423
0.1314067
0.5861718
-0.001590387
0.05389307
-0.1784717
-0.04501053
0.7409968
0.6585043
-0.2044287
0.5447846
-0.7854428
-0.6757227
-0.8748795
0.05000407
0.1063546
-0.05652027
0.0944093
-0.5958373
-0.6948638
-0.7291399
-0.01901843
-0.1877553
0.05603495
0.7266857
0.6778449
-0.2718487
0.02922178
0.05653222
-0.0874219
0.1009034
0.05770551
0.5743474
0.5972878
0.6710726
-0.09905043
-0.1046055
0.1359648
-0.1155924
0.02608432
0.5373235
0.6924331
0.05677222
0.1111044
-0.1119345
-0.07453357
-0.6035787
0.05902444
-0.02884623
0.004816347
-0.04889261
0.07129866
-0.6582881
-0.009356145
-0.0845385
-0.6653866
-0.7220373
-0.1851327
0.5976003
-0.1687136
0.09332527
0.1513951
0.9285757
-0.4794855
-0.07525738
-0.8184408
-0.75563
0.1272064
-0.09938164
0.6223033
-0.7678252
-0.02773102
0.06598967
-0.8443611
0.690986
-0.8686042
0.7966938
0.7793869
-0.6665927
-0.0231327
0.1024358
-0.6314102
-0.1171031
0.9450661
-0.06330898
-0.7955002
0.04356939
0.7198768
0.01515348
-0.1429108
-0.6839228
0.03873499
-0.4687736
0.6150006
-0.6191504
-0.7789894
0.03020186
-0.09610952
0.4933863
-0.2306902
0.7798703
0.007611327
-0.6546247
-0.8991704
-0.01453544
0.009797942
0.8582645
-0.7629003
0.08003532
-0.002862604
0.7861408
0.01654996
0.01558842
-0.7096558
-0.6843497
0.7017324
-0.7103036
-0.01470762
0.08500783
0.6745452
-0.7766913
-0.009452477
0.5663334
0.1718723
0.9428312
-0.6956678
0.6938504
0.5949757
-0.6624237
0.09795908
0.7712183
-0.0007656467
0.1258567
-0.5164637
0.6619925
0.04269739
0.1154575
0.664431
-0.6798703
0.5825237
-0.7811719
0.4542838
0.6241422
-0.7459329
-0.5865161
-0.1094554
-0.7016532
-0.04159823
-0.03834894
0.706995
0.150251
-0.1155924
-0.6254886
-0.762515
-0.1129483
0.08473283
-0.128432
-0.09512033
0.7942987
-0.7038463
0.1580677
0.9640317
0.7130272
-0.6170902
0.01133352
-0.05628718
-0.07179808
0.1076346
0.07291887
-0.6459463
0.08889646
-0.8065037
-0.1097603
0.01550162
0.0540708
0.8082279
0.8408522
-0.6749284
-0.8032554
0.5728945
0.5964763
0.8325963
0.04043603
0.1490316
0.6250757
-0.005228038
0.06368236
0.03568833
-0.8107088
0.5445419
-0.2445372
0.06501993
0.7528931
-0.0005915535
0.203488
-0.6655183
0.6435006
-0.5761256
0.7935622
-0.07066397
0.7000036
0.08874263
0.09510804
-0.7064448
0.5645888
-0.5270307
0.7068048
-0.04643638
-0.03064238
-0.04358123
-0.1707823
-0.7102761
0.09888158
0.2285642
-0.0535947
0.6742383
-0.6274221
-0.01671276
-0.7468239
-0.7264911
0.02229041
-0.9173174
-0.06427931
0.01295068
0.05006839
-0.09806879
-0.05984208
-0.1686985
0.04629855
0.7564456
0.6857352
0.002796157
-0.9443571
0.1413484
-0.03032195
0.6332161
0.6951134
0.06026323
-0.5357787
0.0388558
-0.1124896
-0.007928787
0.7039014
0.7095717
0.7915916
-0.008726471
-0.7713257
0.1392612
-0.4186199
-0.03003652
0.7871543
0.1082413
0.09200961
-0.7337687
0.06645023
0.1227051
0.9920374
-0.6531803
0.007154615
-0.788015
0.00133996
0.07060138
-0.6265777
-0.7837655
0.6936242
-0.8014407
0.7337891
0.009082702
0.1215174
0.01506389
-0.592475
0.0590409
-0.7780567
-0.1491303
-0.004068625
-0.4736157
0.769471
-0.6408028
0.7571225
0.128961
-0.5243159
0.0964284
0.8223319
0.1034995
0.1404103
0.8088679
-0.1599333
0.6179845
0.6692324
0.6910996
-0.4968099
0.03898456
-0.5864889
-0.02712131
0.01873566
0.6752447
0.6774885
0.1789443
0.7239976
0.7296669
-0.004192157
-0.05989825
0.6728956
-0.1214382
-0.001952635
0.6177438
0.1189088
0.8441639
-0.1170393
-0.1293928
0.6446465
-0.005969507
0.7059552
0.07979323
-0.1016076
0.02464533
-0.06388819
-0.06022846
-0.6382365
0.01240948
-0.6221914
-0.7755162
0.7018209
-0.01784182
0.795511
0.690355
0.6134537
0.07187956
0.0525314
0.774688
0.01705465
0.6093813
-0.1485396
0.1100556
0.09352474
0.6970156
-0.239486
-0.009628006
0.7750518
-0.04915152
0.03116563
0.5893955
0.7445067
0.5599979
-0.05517826
0.8167147
-0.7153642
-0.5510511
-0.6566102
0.1231845
-0.6998016
-0.6250412
0.0533263
-0.03814069
-0.5335446
0.782198
-0.08245701
0.1189248
0.6451937
-0.2618046
-0.02218471
0.6004834
0.6523665
-0.7533768
-0.937533
0.642851
0.7894342
0.5246552
0.8382081
0.1529517
-0.09470206
0.922613
-0.8030887
-0.6787801
0.6537039
-0.5671985
0.5677977
-0.04619546
0.5443028
0.08382146
0.05723751
-0.01291075
-0.08039887
-0.7904731
0.009166716
-0.8330027
-0.4874188
-0.8033458
-0.7005593
0.6331541
0.6672194
-0.7011517
0.7472535
-0.08272007
-0.09713925
-0.6143577
-0.4919886
-0.6212354
0.04444443
0.7120341
0.00771917
-0.1928789
0.05723969
0.642738
0.02982752
-0.5428773
0.6792907
0.05810565
-0.07101076
0.1407067
-0.5502937
0.07724418
0.7729197
0.02965903
0.03772945
0.0500586
-0.01701445
-0.7482806
-0.03035869
-0.6401943
-0.03855296
-0.8857855
-0.6192128
0.02356545
-0.0676137
-0.02343968
0.7336264
0.8576756
0.1071074
-0.06063066
0.2465439
0.1297073
0.7420382
0.0379561
0.6436572
0.7473537
0.06648715
-0.01218927
0.04618969
-0.7795124
0.1172095
-0.008984825
-0.1827884
-0.7386678
0.02723393
0.7539083
-0.8087241
-0.6874518
-0.7032386
-0.7407862
-0.09500516
-0.1359255
0.7158906
-0.1108693
-0.07920643
0.07758302
-0.7446488
0.03101969
0.1026889
-0.6723827
0.007783933
-0.7532945
-0.07645019
0.6066267
0.03546862
0.5069324
0.7351041
-0.1176934
0.01711734
-0.5665403
0.74467
-0.02721502
0.03147662
-0.1656684
-0.0552662
-0.7200138
-0.9612364
-0.5166403
0.7260026
0.7979479
-0.6952236
0.04838337
0.1907959
0.6958544
0.03116011
0.7476335
0.03808491
0.0641075
-0.02359464
-0.03117494
0.5774849
0.6597195
-0.04167514
-0.05762749
-0.642446
0.02941978
-0.108341
-0.04243636
-0.6675533
0.03484093
-0.681734
-0.06062085
0.8607345
-0.6473121
-0.06089739
0.1243887
-0.7348712
0.168909
0.00300192
-0.1055392
0.04421942
0.1234481
-0.7738265
0.589386
0.7212811
0.5093384
0.6603495
-0.05753314
0.7591111
-0.8774917
-0.1522875
0.6665789
-0.7822609
0.03749548
-0.02702471
-0.05711921
0.8382346
-0.2070411
0.9326639
0.02302496
0.6204579
-0.1104447
0.5865261
0.7646953
0.1016023
-0.0699008
-0.5813197
0.7157469
-0.06259309
0.8262409
0.7686632
-0.1240447
0.7773104
0.1337047
-0.02126401
-0.05915459
0.07989844
0.1549108
0.6481586
-0.6494404
0.1809519
-0.02427865
-0.7293332
-0.06724344
0.5848801
-0.1356252
0.7524754
-0.02920356
-0.1413932
0.05127592
-0.06045248
0.5218091
-0.7598012
-0.106935
-0.008004939
0.07482473
-0.5939184
0.7418477
0.6157897
0.04842794
-0.8011123
0.07097567
0.6767468
-0.04064547
0.754421
0.0354936
0.5007953
-0.1986299
-0.4866568
-0.6745211
0.1352146
0.1423872
-0.00684153
-0.1302136
-0.8357529
0.452263
0.1573279
0.6857926
0.08726658
-0.7136376
-0.567028
0.7229763
0.7240699
-0.7204263
0.6843488
0.09258808
-0.2700473
-0.7786977
-0.1104036
-0.7324685
0.5926183
0.761361
0.1273378
0.7858521
0.1085516
0.08508094
0.08662133
-0.7916097
-0.1787317
0.214702
-0.06088407
0.8613571
-0.1619984
-0.01557953
-0.01301859
-0.6763517
-0.09540414
0.6612116
0.08108504
-0.005755336
-0.05682736
0.646746
-0.4435203
0.6249932
0.06390243
0.1283373
-0.1069186
-0.03662637
0.04149957
0.1215114
0.1136864
0.6864683
-0.6567202
0.7126185
0.02649365
0.6742317
-0.1857525
0.6659013
0.02880678
0.03814551
0.6901712
0.7340284
-0.7177159
-0.8661324
-0.0187334
0.6801352
0.4553956
-0.6019178
-0.1105116
0.06124955
0.02423036
0.5960093
0.02418623
0.8207262
0.7115252
0.6643204
0.003987957
-0.03163398
-0.1585172
0.01608299
0.6007236
0.5354578
-0.8875622
-0.03787037
0.756584
0.5410656
-0.07364452
0.7379391
-0.1287882
0.1504464
-0.08132819
0.6463079
-0.5724508
0.7473445
-0.6075949
0.5781669
0.1063357
-0.0007649697
0.04828835
0.002564595
0.675361
-0.4816191
-0.827375
0.1429166
-0.03369049
-0.07380674
-0.6239142
-0.04125107
0.7844092
-0.09581727
-0.8003437
0.1273025
0.07408913
-0.7099183
0.05037689
-0.6876954
-0.6854593
-0.04874588
0.7201385
-0.7051274
0.8208222
-0.8615211
0.06608171
-0.05585833
-0.0546195
-0.005015529
0.1390257
0.5506629
-0.7839162
-0.02212048
-0.6758772
-0.6738035
0.1968703
0.7157283
-0.7000658
0.01794682
0.6032401
-0.6194529
-0.7676722
0.6003043
-0.6502276
0.05604694
-0.1577159
-0.5587038
-0.8955127
0.7948571
-0.6864796
-0.5754486
-0.6359264
0.1479094
-0.000109101
0.08549567
-0.1104619
0.6823276
0.1408969
0.07080618
-0.8421208
-0.7532083
0.705946
-0.08689758
-0.07705322
0.1693633
-0.1073746
0.7149431
0.08432485
-0.6724536
-0.01778146
